-0.15927772803732,0.986290611454478,0.0431458812796106,0,-0.96014357164591,-0.144591137590278,-0.239202525426498,0,-0.229684700277616,-0.0795258741534614,0.97001061232617,0,-132.544113837923,-131.925069375538,-72.1730812248809,1
-0.155025730432031,0.987018568016742,0.0419671674688711,0,-0.96091746067479,-0.140791326522007,-0.238359644446322,0,-0.229356774817575,-0.0772788618086561,0.970269774693039,0,-132.495740182155,-131.882265881654,-72.2769546941136,1
-0.155738962625263,0.986862590358358,0.0429834138027012,0,-0.960570330473961,-0.14115640333617,-0.239540146581397,0,-0.230325823840778,-0.0785943266555495,0.969934504428125,0,-132.474938127594,-131.883757001331,-72.363709184101,1
-0.156135971474604,0.98671046938859,0.0449885516443627,0,-0.960424054251547,-0.141024487247112,-0.240203449318273,0,-0.230666768699241,-0.0807124845629398,0.969679501222053,0,-132.489914808679,-131.852908942202,-72.1231739856582,1
-0.157601134848876,0.986469175060962,0.045171191027354,0,-0.95962374506808,-0.142198959474806,-0.242696745516613,0,-0.232989561278276,-0.0815966314021019,0.969049973387611,0,-132.482202378465,-131.871726507405,-72.1533912147399,1
-0.157695914360477,0.986438800884494,0.0455007925457604,0,-0.959412479295522,-0.142140658952789,-0.243564305875664,0,-0.233793759922074,-0.0820631251210188,0.968816857487471,0,-132.429981321199,-131.859854185245,-72.22396558072,1
-0.158103837660149,0.986349985853813,0.0460076117164761,0,-0.959390727718663,-0.142425365849234,-0.243483633925204,0,-0.233607417947677,-0.0826349729003928,0.968813200737632,0,-132.42472210605,-131.817183521494,-72.3699855861496,1
-0.158239643642924,0.9862125355263,0.0484256012297567,0,-0.959750166862962,-0.14209833760812,-0.242255393161178,0,-0.232034107567141,-0.0848108818848444,0.969003246536268,0,-132.465033369612,-131.861114830371,-72.1302171320081,1
-0.15732022536043,0.986276643387843,0.0500878928203788,0,-0.959186635781072,-0.140537651931497,-0.245377723645896,0,-0.2349710864933,-0.0866465168283871,0.968132726154556,0,-132.413393635685,-131.828832826119,-72.5257804385769,1
-0.140612066617347,0.988533257502646,0.0550478332201893,0,-0.96090226763947,-0.122863974096267,-0.248135625493926,0,-0.238526923544262,-0.0877864533695689,0.967159988464412,0,-132.555204686974,-131.849174752645,-72.330001554719,1
-0.189670503413375,0.977914148281156,0.0878008170460413,0,-0.934683580914942,-0.152453491118487,-0.321130042029839,0,-0.300652068389301,-0.142974880010218,0.942956260974504,0,-127.876404908123,-132.637082644994,-68.5763856854549,1
-0.18981562015364,0.977854208763565,0.0881545217290409,0,-0.934912952387689,-0.15259628386095,-0.32039377946532,0,-0.299846354819587,-0.143232553782829,0.943173683318519,0,-127.931779364278,-132.660873647841,-68.4449594920368,1
-0.190558314442114,0.97787468176491,0.0863061957434952,0,-0.934501748614103,-0.153772409262399,-0.321030576333242,0,-0.300656167253686,-0.141828339502609,0.943128096023174,0,-127.866974573379,-132.628861862213,-68.5692423455671,1
-0.190066283545934,0.977826390092248,0.0879223096916464,0,-0.935509691767468,-0.153216185091741,-0.318349485993134,0,-0.297819406465646,-0.142759675962955,0.943887320011857,0,-127.882315760816,-132.653748400083,-68.3482231551911,1
-0.189117229845079,0.978147716695113,0.0863809374753388,0,-0.934656589177543,-0.152337540232852,-0.321263584556656,0,-0.301084179505862,-0.141492990671673,0.943041909893872,0,-127.862319302213,-132.639854457812,-68.4868894489919,1
-0.188779731461025,0.978102391950286,0.0876240894950224,0,-0.93518717521545,-0.151833344944156,-0.319955680613484,0,-0.299645161425707,-0.142346069217286,0.943371818188583,0,-127.831068038581,-132.648863019127,-68.3781993209991,1
-0.188437413426508,0.978070618499527,0.0887084321770642,0,-0.934480780348311,-0.150789101868625,-0.322503169666862,0,-0.302054608221427,-0.143667991427423,0.94240252191725,0,-127.863253978039,-132.633886702263,-68.4442640462821,1
-0.189038478505038,0.977981840794047,0.0884075472390302,0,-0.934000830104484,-0.151278814445661,-0.323662026636909,0,-0.303161391954495,-0.143757295917009,0.942033440874074,0,-127.86009497785,-132.619571703345,-68.4270886115978,1
-0.188555403266614,0.978073853536099,0.0884216143370164,0,-0.933705334686273,-0.150637719899856,-0.324811652466159,0,-0.304370153192539,-0.143804726723206,0.941636344611973,0,-127.854293293677,-132.631818193446,-68.34200632886,1
-0.188415049335127,0.97809962549161,0.0884366267904834,0,-0.933826538597522,-0.15054576846345,-0.324505920601586,0,-0.30408536720281,-0.143726268911516,0.941740341538743,0,-127.865782192487,-132.63916564071,-68.321946717484,1
-0.0594753664468969,0.996943012187659,0.0506685861194666,0,-0.955963761752071,-0.0422701042968935,-0.290424721571909,0,-0.287395130014954,-0.0657104490811831,0.955555427388388,0,-116.741218367645,-139.735235983012,-65.2096369293151,1
-0.0555376551091907,0.996703396444689,0.0591436408635235,0,-0.9521216756502,-0.0350318307102258,-0.303705662503611,0,-0.300632558595877,-0.0731790457416223,0.950928435784286,0,-116.802716262703,-139.725255025564,-65.1084622675203,1
-0.0564600601271484,0.996617121014878,0.0597208569927172,0,-0.951722409992518,-0.0356470098920093,-0.304883156477024,0,-0.30172290388956,-0.0740514019890138,0.950515475729587,0,-116.729436151584,-139.709675637146,-65.2009702959278,1
-0.0570615970572032,0.996514118745622,0.0608571356809958,0,-0.952136051795874,-0.0359826926147866,-0.303549330213313,0,-0.300301390029467,-0.0752652808643646,0.95087024326539,0,-116.808304575287,-139.717693664311,-65.0428309785977,1
-0.0577664597167689,0.996467562890324,0.0609549310668816,0,-0.951692119574975,-0.0365212971272149,-0.304874354370683,0,-0.301571255614687,-0.0756218386615897,0.950439966509023,0,-116.852781330811,-139.706831768348,-65.1936681861248,1
-0.0572709011044443,0.996579000158028,0.0595849126546206,0,-0.952248159279947,-0.0365997234987913,-0.303123612306985,0,-0.299905836309897,-0.074099785363012,0.951086597583193,0,-116.78703734745,-139.711277855075,-65.3516704204644,1
-0.0573626450809144,0.996448195456837,0.0616487947101007,0,-0.951691386337035,-0.0359194297426748,-0.304948103274768,0,-0.301650600506601,-0.0761632571302214,0.95037154841346,0,-116.821185190276,-139.723587909634,-65.1969431944995,1
-0.0579871587960981,0.99639673214551,0.0618946329446662,0,-0.951933730319039,-0.0365080590724944,-0.304120451783155,0,-0.300764966243332,-0.0765546696645603,0.950620746326165,0,-116.839206691342,-139.705156877688,-65.229772754707,1
-0.0594324027463708,0.996239264014856,0.0630482512499943,0,-0.951461577738181,-0.0374282269092502,-0.305483170641072,0,-0.301974542929904,-0.0781435858118112,0.950107865401479,0,-116.851736025026,-139.720731369572,-65.0369716019773,1
-0.0604588632756187,0.996076417576956,0.0646261152546021,0,-0.951813846820529,-0.0380284492175693,-0.304309501339982,0,-0.30065788907187,-0.0799102378678701,0.950378447552272,0,-116.862339695836,-139.678738773981,-65.047262760977,1
0.00560238867783546,0.999495185632352,-0.0312748188804098,0,-0.986900792942205,0.00048374201951313,-0.161327959983128,0,-0.161231397623847,0.0317689645559183,0.986405177213952,0,-120.576431015549,-139.406811604613,-73.2506506180778,1
0.0054700574685006,0.999598691163373,-0.0277943604130219,0,-0.985129987452474,0.000613626043791986,-0.1718095420656,0,-0.171723537862968,0.0283208652572969,0.984738010528412,0,-120.834578078195,-139.103696122199,-73.138291510729,1
0.0062185321394147,0.999569435559569,-0.0286775248675126,0,-0.985343793709657,0.00123622304152608,-0.170576076920939,0,-0.170467188370055,0.0293179528489259,0.984927103294091,0,-120.76430396415,-139.116262030985,-73.1481151248079,1
0.00816246833219336,0.99959100403688,-0.0274077130140029,0,-0.985265865862067,0.0033569446483744,-0.170996753056805,0,-0.170834808984722,0.0283996398034484,0.984890312671338,0,-120.779942628094,-139.101832166131,-73.3013475583705,1
0.00879883513278658,0.999605801470028,-0.0266579269319599,0,-0.98493060546846,0.00405863807158824,-0.17290189745523,0,-0.172725534773329,0.0277775450138012,0.984578231169546,0,-120.786778590339,-139.12749467298,-73.1246652206366,1
0.0101823399485627,0.999654133316017,-0.0242507167897781,0,-0.984209288276719,0.00573318912525693,-0.176916251144121,0,-0.176716037044864,0.0256692009758453,0.983927101311298,0,-120.768301313711,-139.080944127055,-73.2633315419339,1
0.0107932118439715,0.999665530791128,-0.0235017135298958,0,-0.984189520507475,0.00646491184082475,-0.177000531306494,0,-0.176789393545316,0.0250405441015741,0.983930118882341,0,-120.832984666662,-139.096178335059,-73.2279516864971,1
0.0112910363851607,0.999746390573989,-0.0194797046954725,0,-0.983648394736283,0.00760319112112346,-0.179938401200828,0,-0.179744647604534,0.0211928719974157,0.983484981844108,0,-120.808524920857,-139.049084490643,-73.2495674323411,1
0.0112184521574052,0.999767076428207,-0.0184379073018571,0,-0.983126137359322,0.00766106929528721,-0.182768492667837,0,-0.182584668472016,0.0201771680373383,0.982983072738405,0,-120.811124216783,-139.100757024986,-73.1188226038075,1
0.0105585048166394,0.999776268041439,-0.0183270512730792,0,-0.983093621764235,0.00702829718200609,-0.182968533133675,0,-0.182798786509106,0.0199490813821865,0.982947929955358,0,-120.789483791465,-139.126655470812,-73.1778438780839,1
-0.0440040947942503,0.998013012804791,0.0450962818790607,0,-0.984134432002283,-0.0355375170561638,-0.17382897111354,0,-0.17188096580091,-0.0520299909366117,0.983742757245328,0,-128.320858985436,-133.235609662325,-70.8346852111017,1
-0.0421957112969406,0.998213762862466,0.0422953078069605,0,-0.98974126595555,-0.0359790493829578,-0.138267197940995,0,-0.13649847991598,-0.0476956950260877,0.989491429173009,0,-128.33244625153,-133.271667570349,-70.859358163123,1
-0.0411604303876062,0.998067010493084,0.0465631802409106,0,-0.99240730523852,-0.0354321417058724,-0.117781032808805,0,-0.115903533931186,-0.0510575578510932,0.991947327426595,0,-128.400026556658,-133.273618739277,-70.6668232164755,1
-0.034626057032949,0.998250681251515,0.0479225702696337,0,-0.988914917676066,-0.0272955438770816,-0.145952719740731,0,-0.144389327045217,-0.0524451128098528,0.988130167232335,0,-128.358907025691,-133.28627395104,-70.6433655224635,1
-0.0375994273020423,0.998205535099041,0.04660591063962,0,-0.992072163261296,-0.0316905328735902,-0.121608584236978,0,-0.119913402430883,-0.0508088402673219,0.991483354283306,0,-128.390773237056,-133.275436055389,-70.635755643784,1
-0.045855793217271,0.998058519356533,0.0421488647012645,0,-0.994351439916265,-0.0415610976051143,-0.0976625567830553,0,-0.0957211987801807,-0.0463891792104651,0.994326655417612,0,-128.377325357629,-133.286327546445,-70.767003481724,1
-0.0530049006937983,0.997857368590731,0.0383555518245969,0,-0.996481460183077,-0.050356497650534,-0.0669993916003292,0,-0.0649243851237851,-0.0417718924745386,0.997015512919959,0,-128.473154869017,-133.24723333538,-70.9084368070023,1
-0.0678444737267267,0.997149326159254,0.0330172873595904,0,-0.997633657111281,-0.0674337137162475,-0.0134005172546376,0,-0.0111358266080955,-0.033848306918865,0.999364940497034,0,-128.512328257231,-133.296759677637,-70.669647502536,1
-0.0778021116451931,0.996668453468195,0.0244694895689028,0,-0.996302314698982,-0.0768293823627405,-0.0384561473623604,0,-0.0364480490790118,-0.0273709777748335,0.998960644354548,0,-128.507697432789,-133.28737131674,-70.9788360304647,1
-0.085714890422058,0.996110193943671,0.0204325295995319,0,-0.989523321420979,-0.0827209653163326,-0.118325340939605,0,-0.116174882461186,-0.0303607081854608,0.992764637750575,0,-128.496146022178,-133.271233520047,-70.90807984101,1
-0.180555187741707,0.971232090210787,-0.155267894670136,0,-0.93040290829531,-0.219851422120452,-0.293284564407921,0,-0.318983254200293,0.0915076459272079,0.943332410297613,0,-122.680605560759,-145.550310357721,-83.5468502389622,1
-0.172980198649112,0.974195928444081,-0.144983050843116,0,-0.931250667533358,-0.209702359133328,-0.297988354773801,0,-0.320702327470398,0.083469476505495,0.94349501942727,0,-122.617566145203,-145.514082622002,-83.6546633915582,1
-0.17169907129963,0.975057262101232,-0.140651171788745,0,-0.931230861092791,-0.20722440666208,-0.299778451169173,0,-0.321447509999013,0.0795070318638702,0.94358366411284,0,-122.615158087211,-145.504964750497,-83.6097891069373,1
-0.169989098787614,0.976061633472551,-0.135674039662395,0,-0.930540818567335,-0.204303536904161,-0.303897842490828,0,-0.32434171236079,0.0745909137475404,0.942994518082016,0,-122.612717929302,-145.529358892081,-83.7334370743649,1
-0.169404724601128,0.976373938694032,-0.134148668291415,0,-0.930724607751705,-0.203257369877893,-0.304036280140941,0,-0.324119797700207,0.0733502903017937,0.943168110767555,0,-122.629221127228,-145.527523399623,-83.5816445267756,1
-0.168020348584175,0.97685568950761,-0.132371050374127,0,-0.930975764392041,-0.201392044622843,-0.304508355994844,0,-0.324119196684995,0.072070635981359,0.943266960438998,0,-122.580237073587,-145.543585120551,-83.7866752537559,1
-0.169088344332131,0.977109216604359,-0.129099738960159,0,-0.929908524351927,-0.201566678987135,-0.307637829872213,0,-0.326617967543052,0.068032973424169,0.942704735146411,0,-122.659007512028,-145.562162091471,-83.5867517242491,1
-0.170283681044017,0.977545096389018,-0.124133420350184,0,-0.929259867284404,-0.201215114008936,-0.309820310163745,0,-0.327840848060028,0.0625948628453621,0.942657026727466,0,-122.618504785306,-145.519756356853,-83.6132956938129,1
-0.170933178184492,0.977630808835454,-0.122555739299169,0,-0.927501925646119,-0.201629127439211,-0.314779178316028,0,-0.332448630929963,0.0598644827471714,0.941219511008997,0,-122.643343202271,-145.538592037977,-83.6166185139327,1
-0.171439099604691,0.977862767106579,-0.119971377953061,0,-0.928175924710209,-0.201141410474112,-0.313100092966265,0,-0.330300138747723,0.0576769497534309,0.942112099101937,0,-122.636566918281,-145.536458228463,-83.6519729526021,1
-0.159684689392695,0.98217667576239,-0.0991445732682694,0,-0.931080158273327,-0.183221703545609,-0.315466995629195,0,-0.32800975702272,0.0419362924956329,0.943743037161975,0,-117.037601421919,-147.151926106511,-79.4419366340658,1
-0.159541138279809,0.982295107990065,-0.0981981693864782,0,-0.93287723929994,-0.182555464636521,-0.31050523584109,0,-0.322934383048179,0.0420684788350073,0.94548591636716,0,-117.109677963579,-147.189259237256,-79.558819391031,1
-0.158139095676336,0.982766124627988,-0.0957225454822569,0,-0.932770656796325,-0.180486428113782,-0.312031377846227,0,-0.323930490373335,0.039942820956625,0.945237331322836,0,-117.1331069686,-147.17373273944,-79.3573337008245,1
-0.157144928131198,0.983035699420307,-0.0945847555708934,0,-0.932347909645787,-0.179254177274993,-0.313998882185147,0,-0.325626824701718,0.0388425619100326,0.944700172068546,0,-117.097623188899,-147.176261967132,-79.3520735029747,1
-0.156249655859209,0.983519295246676,-0.0909716580239779,0,-0.932692749799328,-0.177230154978097,-0.314123708049408,0,-0.325069649913987,0.0357668821594904,0.945013464811994,0,-117.09287027747,-147.15039888544,-79.4628021106125,1
-0.15596691800813,0.983650894726803,-0.0900299050612892,0,-0.932592873833106,-0.176677382961332,-0.314731255444935,0,-0.325491936498253,0.03487358434111,0.944901505810722,0,-117.071793024308,-147.176605916412,-79.4397852190648,1
-0.156693308472398,0.983829341423345,-0.0867587578034042,0,-0.93291877353836,-0.176274029251247,-0.31399055273453,0,-0.324206437732438,0.0317386532602017,0.945453778435436,0,-117.124731604065,-147.12114165251,-79.495626886315,1
-0.157275623298558,0.983717650945333,-0.0869707407356671,0,-0.932827983886653,-0.17689251423019,-0.31391231649872,0,-0.32418555743875,0.0317579838359948,0.945460281475519,0,-117.054153401108,-147.211741466662,-79.464970048273,1
-0.159678600437398,0.98366847054148,-0.0830612350316972,0,-0.931917036040744,-0.177961524598887,-0.316006967992351,0,-0.325627799969229,0.0269466273855374,0.94511397418519,0,-117.079806707727,-147.144017033113,-79.4334566454438,1
-0.160097547356986,0.983486500608798,-0.084397956641041,0,-0.931905997273509,-0.178782136157992,-0.31557583312537,0,-0.325453415118226,0.028128046307755,0.945139608767291,0,-117.062218527108,-147.18592913641,-79.3103121890822,1
-0.145223987677319,0.986423160663334,-0.0766761622520739,0,-0.92847233297828,-0.162646384343057,-0.333893973753603,0,-0.341831844185507,0.0227022799898137,0.939486868996545,0,-109.657715941539,-147.824191024896,-84.4045751579058,1
-0.142668228627564,0.986975283039317,-0.0743339957212852,0,-0.929730817798272,-0.159394639126913,-0.33195471415294,0,-0.339479537439445,0.021751214463723,0.940361910162724,0,-109.751119944104,-147.821135398913,-84.0757995343172,1
-0.141738018903293,0.987139884979161,-0.07392671580292,0,-0.929118258406275,-0.15842954568707,-0.334124706085698,0,-0.341539999150072,0.0213284862275938,0.939625200980323,0,-109.746057855188,-147.845869940519,-84.2660401716848,1
-0.140036496556524,0.987497040549805,-0.0723838784437432,0,-0.930340291065875,-0.156248016263883,-0.331743206300047,0,-0.338905273079061,0.0208854873693445,0.940588662120621,0,-109.807411944812,-147.799882969327,-84.2786188497741,1
-0.139518153524808,0.987581797353883,-0.0722287729470546,0,-0.929827273168326,-0.155743959032206,-0.333414416101525,0,-0.340523208030568,0.0206429244196315,0.940009491653274,0,-109.785953440109,-147.809233627586,-84.2170886519962,1
-0.140000722524046,0.987635091919852,-0.0705458176626405,0,-0.929988832145075,-0.155616664075458,-0.333022835623949,0,-0.33988314420152,0.0189833810555483,0.940276060422875,0,-109.805603363322,-147.822638199071,-83.9773832711965,1
-0.140389717136357,0.987522826766916,-0.0713403940574196,0,-0.929961651286339,-0.156248877926997,-0.332802741101474,0,-0.339797163290764,0.0196217475390793,0.940294041002337,0,-109.763092271679,-147.820831732787,-84.2865344886807,1
-0.141053024170309,0.987421752559885,-0.0714307739395696,0,-0.929986186595663,-0.156896526970131,-0.332429223925688,0,-0.339455089863662,0.0195394814874702,0.940419293085276,0,-109.717817524132,-147.837715576149,-84.2745167997582,1
-0.141733448363149,0.98735934020481,-0.0709459347579767,0,-0.929717768935378,-0.157382973796427,-0.332949858192779,0,-0.339906843206778,0.0187695634295372,0.940271804278055,0,-109.734839314455,-147.85559783349,-84.2967773440978,1
-0.142401807845367,0.987346062543592,-0.0697824540586957,0,-0.930003403306776,-0.157599576465136,-0.332048400816023,0,-0.33884437225087,0.017613626878238,0.940677558726351,0,-109.70177372388,-147.832538102452,-84.2869274242832,1
-0.122135837277657,0.989557526676168,-0.0765426934932927,0,-0.928470178476529,-0.141168537810985,-0.343532558307701,0,-0.350750650126918,0.0291099753197208,0.936016349870378,0,-114.289759092702,-148.350898633115,-92.6470099394935,1
-0.124919798975626,0.98902750596862,-0.0788655600021316,0,-0.928805442602287,-0.144522781618789,-0.341223873679009,0,-0.348877674632181,0.0306251417576964,0.936667758063856,0,-114.297349546137,-148.359329564402,-92.573769590771,1
-0.125765130280374,0.988909377597973,-0.0790020096102098,0,-0.929229947953081,-0.145315550944997,-0.339727893376789,0,-0.347440317660449,0.0306851088817536,0.937199891227212,0,-114.344467104106,-148.349728441524,-92.4087012267987,1
-0.126999333743108,0.98871376276033,-0.0794747548877045,0,-0.928020280364624,-0.146727461387175,-0.342416992993264,0,-0.350213519847669,0.0302674588761394,0.936180739366883,0,-114.286151946726,-148.332122460437,-92.5428180006204,1
-0.127224289749085,0.988763046397862,-0.0784962910267572,0,-0.928436911730364,-0.146561891595935,-0.34135692133766,0,-0.349025677940837,0.0294499585602987,0.936650295813596,0,-114.313174966658,-148.316458436814,-92.4504491174196,1
-0.126798824889728,0.988920399377614,-0.0771911150771859,0,-0.927525201305279,-0.145790060031297,-0.344154368661428,0,-0.351594971444475,0.0279583344799139,0.935734631441653,0,-114.273831790723,-148.351452719679,-92.5788394631318,1
-0.126838001022892,0.989042795058941,-0.0755409912973024,0,-0.927761440760902,-0.145234163401083,-0.343752421394928,0,-0.350956986053889,0.0264831516363672,0.936017007042314,0,-114.34990883324,-148.330656455663,-92.4477587004912,1
-0.126973757603844,0.989169786536718,-0.0736257905308965,0,-0.927186054121693,-0.144734332383829,-0.345511150224048,0,-0.352425368709248,0.0243939554247422,0.935521930902866,0,-114.345432906079,-148.354877761325,-92.5173926770367,1
-0.126773430061291,0.989235393939832,-0.0730882237655072,0,-0.927134503558427,-0.144364268672296,-0.345804315691391,0,-0.35263319842103,0.023923817966743,0.935455768702398,0,-114.31650647015,-148.341906810437,-92.5100945528268,1
-0.12681682193464,0.989297561947593,-0.0721663824375105,0,-0.927450479847779,-0.144061503439976,-0.345082618682445,0,-0.351785800709506,0.0231684589490515,0.935793773935381,0,-114.338096003126,-148.359039251682,-92.4102202119477,1
-0.15188965997468,0.986193285411007,-0.0659716725671905,0,-0.922712575117182,-0.165405466965629,-0.34819890042674,0,-0.35430348891561,0.00798508012934402,0.935096393376127,0,-122.758937291407,-146.70788954201,-90.0331157403405,1
-0.150843978113665,0.986465063043959,-0.0642872274933721,0,-0.922301221195181,-0.163843186936744,-0.350022756713036,0,-0.355818248816631,0.00649336327170047,0.934532622736293,0,-122.735145093189,-146.694346017068,-90.1296543024855,1
-0.151011840983576,0.986355219912495,-0.0655648245833697,0,-0.9225851658121,-0.164446574989103,-0.348989818456209,0,-0.355009836194461,0.0077875430385929,0.934830127331334,0,-122.687430501612,-146.724958533352,-90.2599197410325,1
-0.151057065906645,0.986486055962823,-0.0634605480071389,0,-0.922323435077796,-0.163748116545533,-0.350008878052983,0,-0.355670434680833,0.00565983383908799,0.934594319188696,0,-122.733960058021,-146.664423322832,-90.1221484691944,1
-0.151030098143154,0.986616018229657,-0.0614710000153212,0,-0.922285373761599,-0.163017165514526,-0.350449778124037,0,-0.355780189474939,0.00376534152328401,0.93456207496046,0,-122.811849392686,-146.659177309881,-89.9159153180181,1
-0.150887489354943,0.986565333992938,-0.0626251407150427,0,-0.921794454825419,-0.163300624977611,-0.351607694741699,0,-0.357110693028696,0.00467430333897858,0.934050383110228,0,-122.702943455391,-146.647068422058,-90.1867612995602,1
-0.150897207881222,0.986541913866502,-0.0629701571549835,0,-0.921468451911688,-0.163437127406954,-0.352397965472474,0,-0.357947033289073,0.00484914227112335,0.933729313725573,0,-122.704624671078,-146.701050379341,-89.9388452834928,1
-0.151185960979903,0.986566851565768,-0.0618763076327208,0,-0.920571451707211,-0.163324312259324,-0.354786408073346,0,-0.360126415921792,0.00332283976820583,0.932897599264785,0,-122.721292048527,-146.656731037463,-90.0521376125216,1
-0.151797433484858,0.986580955579777,-0.0601299196433998,0,-0.920134881954612,-0.163267839614794,-0.355943054125913,0,-0.360983922679134,0.00129639636154553,0.932571144669467,0,-122.736492681394,-146.695995984908,-89.8776204009255,1
-0.152040680776869,0.986560857772917,-0.0598442608686678,0,-0.919661443499069,-0.163392639154836,-0.357107398026453,0,-0.362086294905715,0.000741604156317237,0.932144282866122,0,-122.708276040188,-146.691376970758,-90.0735389872123,1
-0.138601235607189,0.98434726618389,-0.10885801632805,0,-0.925851666978507,-0.167808397304665,-0.338583745489715,0,-0.351551269417802,0.0538582491218513,0.934618090660432,0,-128.621858740445,-140.951621451705,-100.546251577535,1
-0.139432967740072,0.984568232733408,-0.105753495735588,0,-0.925371868402344,-0.167570529323013,-0.340010272512387,0,-0.352484480702705,0.0504526674211134,0.934456638643527,0,-128.639599486706,-140.910015755179,-100.244597555841,1
-0.13999558264005,0.984647670513183,-0.104260819044808,0,-0.924763100409415,-0.167654389240343,-0.341621573276066,0,-0.353856678975706,0.0485910392344271,0.934036597820348,0,-128.673803534626,-140.871327751649,-100.342527492128,1
-0.139663494198615,0.984760155330745,-0.103640947155762,0,-0.923479980977443,-0.167307504546602,-0.345243165139057,0,-0.357321615311942,0.0474924754149966,0.932773131517422,0,-128.635592903046,-140.884203489365,-100.325909588043,1
-0.141492837172519,0.98454335588156,-0.103219588219396,0,-0.922281042031113,-0.168989470246789,-0.347620987236157,0,-0.359690962600281,0.046011591785785,0.931936356469738,0,-128.689693595252,-140.886815013849,-100.322971930441,1
-0.142695059129965,0.984353900292262,-0.103370623401389,0,-0.921857913845395,-0.170196365837508,-0.348153923571544,0,-0.360299975424782,0.0456131821913732,0.931720644006472,0,-128.699075320663,-140.948303827854,-100.414502371799,1
-0.144028706195453,0.98443616819436,-0.100703462356114,0,-0.920900851976422,-0.170586499761539,-0.35048808272984,0,-0.362211796253197,0.0422575632718619,0.931137436742136,0,-128.677290953415,-140.931759814054,-100.495186531766,1
-0.144524934391873,0.984494832111545,-0.0994097137234085,0,-0.920287366386449,-0.170649105026041,-0.352065198112755,0,-0.363570536298773,0.0406033087194607,0.930681370484305,0,-128.594939121187,-140.942553374757,-100.397010061114,1
-0.145452552390246,0.984656602578246,-0.0964096206801108,0,-0.920845859783502,-0.170367975279529,-0.3507385778046,0,-0.361782163567361,0.0377625750185825,0.931497517559623,0,-128.72199751311,-140.937888934555,-100.281926632513,1
-0.145749392406574,0.984698142356239,-0.095534263774365,0,-0.91994857864615,-0.170419097578547,-0.353060961773015,0,-0.363939341461895,0.036428190996677,0.930710033586519,0,-128.686169596102,-140.93116576009,-100.230039228579,1
-0.12084661150811,0.98852366404566,-0.0906481706332319,0,-0.92057811885098,-0.145766789737982,-0.362336843432485,0,-0.371392039207384,0.0396615399076425,0.927628651133377,0,-124.67507046776,-142.524401857792,-104.409828296289,1
-0.125652223660253,0.987992165807803,-0.0899057303071176,0,-0.919671404427647,-0.149988030779592,-0.362916159241852,0,-0.37204310703273,0.0370825091551182,0.927474434956829,0,-124.691831238559,-142.561230762923,-104.583893304379,1
-0.125946529150333,0.988042883388696,-0.0889306077000819,0,-0.919216159393997,-0.149943355715989,-0.364085952855094,0,-0.373067083636872,0.0358910921185422,0.927109902375104,0,-124.723459891901,-142.560008230266,-104.389543897832,1
-0.127084255994525,0.988149793010354,-0.0860798331722476,0,-0.918386763773515,-0.150007986458007,-0.366146815354918,0,-0.374720570320953,0.0325230838964841,0.926567199211755,0,-124.760680878999,-142.534588236408,-104.38591779561,1
-0.127995109146902,0.988201288667286,-0.084115121508211,0,-0.918368432312791,-0.150116431893546,-0.366148030477798,0,-0.374455012464385,0.0303835127387314,0.926747138326504,0,-124.835063076089,-142.479387640198,-104.188074548633,1
-0.129017406445777,0.987926251910159,-0.0857689051636306,0,-0.919108274982715,-0.151603044718771,-0.363670948021883,0,-0.372282907726808,0.0319110275429692,0.927570556122971,0,-124.786575604726,-142.535563440218,-104.335790878146,1
-0.129601132889939,0.987831972512464,-0.085973846936232,0,-0.918356207621953,-0.152277900575483,-0.365285205113168,0,-0.373932320155498,0.0316132379313239,0.926917046881133,0,-124.840937175601,-142.53556805177,-104.289944950261,1
-0.130384117196146,0.987711313673404,-0.0861760017202453,0,-0.918284406137495,-0.153076417547488,-0.365131936617721,0,-0.373836455807928,0.0315266754385635,0.926958666891424,0,-124.846672032503,-142.562652473571,-104.069708142477,1
-0.130789055582025,0.987803887020306,-0.0844846978297844,0,-0.917968791010531,-0.152847535232847,-0.366020341148271,0,-0.374469592310883,0.0296828583771676,0.926763960314646,0,-124.885784935055,-142.525550124105,-104.038716884245,1
-0.131762574773526,0.988035599103345,-0.0801519997358331,0,-0.915989691306345,-0.152266117035568,-0.371184567916181,0,-0.3789480022342,0.0245101776099973,0.925093341491087,0,-124.739432733456,-142.516200432286,-104.259755327603,1
-0.115141786120365,0.988734000873937,-0.0956430230735953,0,-0.922408959747905,-0.142154882308919,-0.359101403142622,0,-0.368651897640968,0.0468744026001952,0.928384937285219,0,-117.624086234768,-149.006238022916,-114.334374166312,1
-0.112664052053913,0.989771494766561,-0.0875173172498912,0,-0.919595004099758,-0.137226007868244,-0.368122409465305,0,-0.37636672500826,0.0390063208218923,0.925649285415536,0,-117.622728985313,-148.925315122957,-114.070075631614,1
-0.112964537037334,0.989829287225592,-0.086469577971759,0,-0.919751311587929,-0.137095447016433,-0.367780314947624,0,-0.375894311673381,0.0379843760602029,0.925883715972663,0,-117.702651874983,-148.872474630135,-114.172437340365,1
-0.111953384665362,0.989956896897904,-0.0863239942437013,0,-0.91936626471743,-0.136154921861071,-0.369090167767795,0,-0.377136796207314,0.0380424751479064,0.925375933547036,0,-117.627049674399,-148.964329457405,-114.309024791207,1
-0.111770154451481,0.990005928997379,-0.0859979104011807,0,-0.917782794218836,-0.136022388243346,-0.373058445955696,0,-0.381027712389602,0.0372306006033671,0.923813698473562,0,-117.615279028658,-148.943565255206,-114.260663449673,1
-0.113111660511896,0.989971450006154,-0.0846307935233696,0,-0.917475149637273,-0.136762041737635,-0.373544602221973,0,-0.381372776180728,0.0353943997725504,0.923743503706029,0,-117.670711747117,-148.916596080873,-114.168108686133,1
-0.113750914380893,0.989971912026837,-0.0837635498524831,0,-0.918306755803023,-0.136943682932103,-0.371428503823691,0,-0.379174673173002,0.0346703067994526,0.924675374290303,0,-117.687775397303,-148.879338756083,-114.187015266123,1
-0.114612845272812,0.989711124194589,-0.0856485017232363,0,-0.91748255984338,-0.138516989178511,-0.3728789192333,0,-0.380906181646305,0.0358442899691324,0.923918630722504,0,-117.6256737773,-148.921321679865,-114.272485207345,1
-0.115172145804987,0.989604850316686,-0.0861251763017824,0,-0.916596231514448,-0.139291063074197,-0.374765626373212,0,-0.382866347003747,0.0357794449697077,0.923110590651322,0,-117.690357822365,-148.901384834131,-114.220518614881,1
-0.116766038738197,0.989386935653235,-0.0864824989781625,0,-0.915752769885064,-0.140959650262835,-0.376201111050743,0,-0.384399008987863,0.0352690753265679,0.922493091769526,0,-117.741302761826,-148.867633166083,-114.15358023106,1
-0.135031621209562,0.986890251422588,-0.0883976327468164,0,-0.914614997428917,-0.158461522673687,-0.37198036163013,0,-0.381111419023397,0.0306206877726119,0.924021896888947,0,-125.128535350743,-143.961017456107,-112.52442608781,1
-0.13734498811792,0.98706535241901,-0.082694170528229,0,-0.913284780802668,-0.158513288361543,-0.375212510287673,0,-0.383467393060777,0.0239897681462165,0.923242786269957,0,-125.1335088816,-144.001193200311,-112.37387274305,1
-0.137402132212303,0.987142945305769,-0.0816657477078846,0,-0.913252227006518,-0.158176550262222,-0.37543363178854,0,-0.383524258829938,0.0229960447472432,0.923244437922238,0,-125.101754933935,-143.932923574548,-112.469222506486,1
-0.137441418510991,0.987241540007596,-0.0803984686461404,0,-0.913153326482913,-0.157736070777756,-0.375859386707527,0,-0.383745732337156,0.0217574883712201,0.923182442552686,0,-125.131484246049,-144.022777485461,-112.405171964256,1
-0.138164921702197,0.987244287291499,-0.07911483983958,0,-0.913465498240522,-0.157893676642136,-0.375033791013394,0,-0.382741701655146,0.0204521556506762,0.923628974052884,0,-125.117808698205,-143.982840104853,-112.396613084861,1
-0.140044862229945,0.987019169569819,-0.0786176714310903,0,-0.913642689293397,-0.159419856097069,-0.373955158294124,0,-0.381634135437135,0.0194579600946575,0.924108650861395,0,-125.07721259677,-143.994886290683,-112.569330369863,1
-0.140005339889564,0.98707010626074,-0.0780448566478243,0,-0.912086421256274,-0.159242057891027,-0.377809804012101,0,-0.385352779995585,0.0182882697178813,0.922588079475149,0,-125.0198654905,-144.087235718822,-112.497768214894,1
-0.138788626887115,0.987399993192929,-0.076019809459938,0,-0.912904849929877,-0.157314988917599,-0.376638775368914,0,-0.383852181357962,0.017125675995944,0.923235737061416,0,-125.09210709657,-144.011530246679,-112.369115735626,1
-0.138528959673195,0.987571739256817,-0.0742419729890323,0,-0.913348972704499,-0.156380144278567,-0.375950767430442,0,-0.382888327334392,0.0157287635785107,0.923660737073191,0,-125.17947119447,-143.958735685547,-112.234629280035,1
-0.138958501474104,0.987520451585143,-0.0741213249432758,0,-0.913462873099191,-0.156724101491384,-0.375530575485138,0,-0.382460724139852,0.0155239180464147,0.923841345001529,0,-125.135513378448,-143.955599271956,-112.362896525184,1
-0.254319241269032,0.966487948438512,-0.0349690203723018,0,-0.909151013042096,-0.251249153982806,-0.332142072040796,0,-0.329797249531533,-0.0526779968928522,0.94258093320884,0,-129.041253546154,-141.356129494746,-112.469531186001,1
-0.250775616764324,0.967507314344379,-0.0322678076524977,0,-0.911309727506347,-0.247190608715402,-0.329258854119389,0,-0.326536651144515,-0.0531641339924654,0.943688181572063,0,-128.98124139302,-141.359756986476,-112.484365312589,1
-0.25063864563617,0.967647098923734,-0.0289728921866433,0,-0.910756089662539,-0.245837262172657,-0.331794281299262,0,-0.328182393590205,-0.0567732300957937,0.942906744434462,0,-128.968153824284,-141.350951532695,-112.501630151753,1
-0.251033912517692,0.967600559810334,-0.0270361966272551,0,-0.910225649267982,-0.245467595226757,-0.333518792179419,0,-0.329349470341599,-0.0591154815585692,0.942355700294749,0,-128.975389822072,-141.360473176961,-112.495736888326,1
-0.250867179661262,0.967727006677227,-0.0238786975636214,0,-0.909125922820069,-0.244005301828788,-0.337567095609341,0,-0.332499329049203,-0.0629757659451229,0.940998543925505,0,-129.006132447952,-141.360357763225,-112.278193435497,1
-0.250146386322658,0.96794597124794,-0.0225257834346903,0,-0.909517182213601,-0.242896479108239,-0.337312643849431,0,-0.331971849699211,-0.0638899522743586,0.941123142352506,0,-128.997002551443,-141.323595224473,-112.299096751778,1
-0.248988723890741,0.968339704737802,-0.017966793958021,0,-0.910041678627728,-0.240265857131935,-0.337781644862694,0,-0.331404183991714,-0.0677532888740961,0.941053003364569,0,-129.085470106533,-141.299512354573,-112.26702112058,1
-0.248266742335069,0.968548266222445,-0.0166687222595219,0,-0.910159192225997,-0.239121686698604,-0.338276579187017,0,-0.331623044824415,-0.0688116266413404,0.940899101316434,0,-129.054777625552,-141.324504913335,-112.331692424848,1
-0.247028225193172,0.968857585466944,-0.0170910804900267,0,-0.91095604564244,-0.238206005194439,-0.336774480803594,0,-0.330357711384535,-0.0676235726904637,0.941430217133579,0,-129.057944527243,-141.34150062891,-112.408888158443,1
-0.246587538900813,0.968972686790446,-0.0169246573574291,0,-0.910487011411057,-0.237615568065818,-0.338455580241041,0,-0.331975771235202,-0.0680492485358454,0.940830151786125,0,-129.018605364909,-141.376274765821,-112.393463701313,1
-0.825636920936398,0.469491106448756,-0.312892734970177,0,-0.526502990476148,-0.840450216848875,0.128211355554201,0,-0.202776704588336,0.270594982266899,0.941095094878568,0,-96.9352563609384,-130.848445248694,-76.3040368385548,1
-0.826569257021544,0.471152624117693,-0.307893659989389,0,-0.526046185833252,-0.841229582175617,0.124932998453302,0,-0.200146761785184,0.265232056717822,0.943182503878834,0,-96.9144135254792,-130.833613404836,-76.3857790354855,1
-0.827835717906694,0.470075565586483,-0.306132296148396,0,-0.524191491821028,-0.842565330186783,0.123721235261579,0,-0.199778135161033,0.262892800926119,0.943915288235744,0,-96.8917374926505,-130.779629129039,-76.5070967668587,1
-0.829937151328552,0.466960426524849,-0.305208588000734,0,-0.520861006720601,-0.844558070539356,0.124199334105348,0,-0.19977020266851,0.262048893768684,0.94415159958675,0,-96.9434320790699,-130.766693220436,-76.2601084737007,1
-0.82938917096689,0.467747746463827,-0.305492393123082,0,-0.52147060774231,-0.844369468380297,0.122916843741219,0,-0.200454365943878,0.261251204521799,0.944227646477312,0,-96.8400082359913,-130.749813616403,-76.4075429748809,1
-0.828544270552743,0.471385200401896,-0.302176295082147,0,-0.523099330305218,-0.844137225070494,0.117471668843542,0,-0.199703876944313,0.255398690070704,0.945986199316116,0,-96.9411775204164,-130.801389565612,-76.2730946109282,1
-0.828074234704848,0.473373718957764,-0.30035037051212,0,-0.523976561370018,-0.844016673508042,0.114387005743375,0,-0.199352933781217,0.252097481171799,0.94694522664432,0,-96.9419125012902,-130.813250789988,-76.3264091330909,1
-0.827845674885909,0.474910943370477,-0.298548213621372,0,-0.524874123856936,-0.843575774352098,0.113520724507999,0,-0.19793579859414,0.250677873896233,0.947619126724632,0,-96.9388642786823,-130.814384653515,-76.375181327777,1
-0.827950585685581,0.474490286592794,-0.298925898714697,0,-0.525292585283119,-0.842826040601744,0.117097705931777,0,-0.196380833303163,0.253974663141171,0.94706463573858,0,-96.9739013908901,-130.763562154633,-76.1843462996103,1
-0.827742770766827,0.473875416328748,-0.300472941457096,0,-0.52540756125582,-0.842541193771863,0.118622168470754,0,-0.196948694095987,0.256059399903986,0.946385119627371,0,-96.9000691749386,-130.74659225637,-76.2529375959064,1
-0.831795658568878,0.471790643175912,-0.292454264952148,0,-0.516790679663978,-0.850506765401746,0.097803709751549,0,-0.202591470689823,0.232490332985785,0.951264911172154,0,-101.118718357307,-139.610481078884,-70.563012328706,1
-0.831395328370824,0.472082704382988,-0.293120727417533,0,-0.516741980812174,-0.850809024104241,0.0954031574293452,0,-0.204351575743219,0.230785526606185,0.951303568025217,0,-101.082068088178,-139.634374656966,-70.6184533410369,1
-0.831517705898713,0.47140521031264,-0.293862859376927,0,-0.516707107058949,-0.850580094638327,0.0976075088426058,0,-0.203941230622669,0.233003391698557,0.950850875245846,0,-101.092981356629,-139.663925695443,-70.6496232555955,1
-0.831855882072016,0.470972444528497,-0.293599746111031,0,-0.515766780871445,-0.851378646247271,0.0955986759831175,0,-0.204940226752575,0.230953312596741,0.951136204387688,0,-101.124794153391,-139.649366841857,-70.5138609430367,1
-0.831711698276044,0.473017145977377,-0.29070661163563,0,-0.516172244945182,-0.851630754145239,0.0910558865877687,0,-0.204503704747855,0.225786925199537,0.952469677508452,0,-101.098872916275,-139.631202589867,-70.6036582470283,1
-0.831534269078103,0.47474036015077,-0.288396233551251,0,-0.516029792121237,-0.852367097124983,0.0847562823865815,0,-0.205582234228072,0.219298801743477,0.953752580780717,0,-101.10504224832,-139.572797960447,-70.550283175746,1
-0.831641852669908,0.475054931495999,-0.287566811374182,0,-0.51519772889685,-0.853300078075523,0.0803137978767401,0,-0.207227312185763,0.214946086257836,0.954387251013518,0,-101.080446793698,-139.612313516844,-70.6761737427275,1
-0.831633388012017,0.474721029497387,-0.28814197284386,0,-0.514898503547732,-0.853519221188088,0.079902502553846,0,-0.20800331375899,0.214813458581901,0.95424828657662,0,-101.089290651998,-139.675779234919,-70.5805376051937,1
-0.832182556607507,0.474429960036429,-0.287033530172173,0,-0.515333266689932,-0.852815086155066,0.0844860607046283,0,-0.204703823638087,0.218225743034881,0.954187533776494,0,-101.095684399274,-139.618494762338,-70.6799736854814,1
-0.832229971788588,0.474771491996105,-0.286330767477779,0,-0.514706376793626,-0.853559649725376,0.0807048616567915,0,-0.20608402255836,0.214541276486939,0.954725833329074,0,-101.054587289929,-139.651562571985,-70.7045258554431,1
-0.830872900416997,0.475351957577239,-0.289293531217729,0,-0.512578312237977,-0.856147152496875,0.065387580306369,0,-0.216595719453775,0.2026143582894,0.955004563900459,0,-98.8901814712621,-141.991577132056,-77.5502768175152,1
-0.830333468320269,0.477092611566896,-0.28797424704146,0,-0.513911098636331,-0.855406045959805,0.0646227155842286,0,-0.215503898512684,0.201651566531316,0.955455252736887,0,-98.9437182182644,-141.973869517443,-77.4852753475559,1
-0.830123920320453,0.476915787321064,-0.288869431650793,0,-0.513353502256734,-0.855926544565608,0.0621115863057785,0,-0.217628992438597,0.199852458509954,0.955351562944718,0,-98.8639131954391,-142.003660534953,-77.6345563968234,1
-0.8306779163479,0.476167881801595,-0.288510668887843,0,-0.512489705631701,-0.856449002623807,0.0620440545783229,0,-0.217551279689061,0.199397379143224,0.955464354749636,0,-98.9153055978411,-142.006606362893,-77.5517368334065,1
-0.830476363984507,0.476413695191906,-0.288684678499372,0,-0.512836425021014,-0.856223512223296,0.0622891594328475,0,-0.217503215820054,0.199777682742298,0.95539583892518,0,-98.8854799855646,-141.998062289422,-77.5785312150442,1
-0.831048668219211,0.475516051590332,-0.288517957207944,0,-0.512031831736295,-0.856654646458084,0.0629781888945894,0,-0.21721313098095,0.20006830835258,0.955401030876278,0,-98.9196332382141,-142.025927532069,-77.5092847243081,1
-0.831261736412472,0.475670393251295,-0.287648463105219,0,-0.511603665543999,-0.857038052254692,0.0612168145013839,0,-0.217406642468874,0.198049209011559,0.955777624264891,0,-98.9223402151067,-142.000088749595,-77.5233249047446,1
-0.83118205332239,0.476295625418215,-0.286842695123093,0,-0.51141534343686,-0.857353002185433,0.058309924759163,0,-0.218152716717618,0.195161899702923,0.956201447362719,0,-98.8406178842568,-141.976892201725,-77.6668618817002,1
-0.831410176280459,0.476646420518409,-0.285596547302729,0,-0.510451414185901,-0.858231560274872,0.0536473556045905,0,-0.219537165819536,0.190386113309678,0.956847203315016,0,-98.8004230080604,-141.897370535293,-77.8106273040678,1
-0.832255219594064,0.475544495616108,-0.284971616546086,0,-0.509447805305369,-0.858755458899415,0.0547919969422251,0,-0.21866492272843,0.190779081839013,0.956968657125096,0,-98.8457072284192,-141.937069764986,-77.6426964385985,1
-0.836279351009809,0.453305476999508,-0.308465875086979,0,-0.502949319317712,-0.858238279824978,0.102319295931325,0,-0.218355295015964,0.240710230344855,0.945716437111161,0,-96.1062310085581,-126.355494137162,-77.4320579109963,1
-0.835277314846113,0.454838506949308,-0.308923619877863,0,-0.50496129374707,-0.85688963005272,0.103703017693795,0,-0.21754531173306,0.242615253091293,0.945416249798599,0,-96.1991631865739,-126.399594205402,-77.1619717314222,1
-0.834809407718322,0.454777666511026,-0.310274995399387,0,-0.505721215438293,-0.856194535851478,0.105721292147117,0,-0.217576036365238,0.245169790699016,0.944749939445279,0,-96.1145815573482,-126.400548348906,-77.3538981702718,1
-0.834755678223054,0.455960706960391,-0.308679081580192,0,-0.505664350605868,-0.856675246051503,0.102034569359534,0,-0.217913951637122,0.241261951230003,0.945677628865498,0,-96.1714329209219,-126.378233028684,-77.2243238821407,1
-0.834605369300661,0.456159205914194,-0.308792105260746,0,-0.506025904059548,-0.856395184114008,0.102591328258358,0,-0.217650103965167,0.241880072236991,0.945580482879034,0,-96.1492149734672,-126.342286457314,-77.2800206055788,1
-0.834226890389342,0.456921988010659,-0.308687175871379,0,-0.50622782486993,-0.856560020593403,0.100191259603496,0,-0.218629490181391,0.239848285306691,0.945872054167877,0,-96.1120113388013,-126.351380049005,-77.3495116127951,1
-0.834248496300748,0.457143585178741,-0.30830031567066,0,-0.506587776422519,-0.856228175710779,0.101202866417707,0,-0.217711173197289,0.240609509695944,0.94589052938568,0,-96.131481197252,-126.334526928837,-77.299507606218,1
-0.834418461356244,0.457803269572809,-0.306858366157596,0,-0.506813126631899,-0.856134011969123,0.100871545624099,0,-0.216532555288238,0.239688930809164,0.946394673178902,0,-96.1793616838843,-126.371647579205,-77.2077890355317,1
-0.834324826949076,0.458775439495668,-0.305658566044563,0,-0.506674033328985,-0.856634184039397,0.0972588536239164,0,-0.217217613851599,0.236014730336391,0.947160784978002,0,-96.1852048071884,-126.384484763094,-77.2128384377061,1
-0.833511192469057,0.459161497648858,-0.307294343737795,0,-0.507989914213514,-0.855604939096495,0.0994305106202713,0,-0.217267880430448,0.238978876528933,0.946405708334968,0,-96.1223698164429,-126.351986477079,-77.3794160092398,1
-0.843969598263332,0.437321214356959,-0.310588949610018,0,-0.488312247784042,-0.866021328126233,0.107509272731011,0,-0.221960583260781,0.24239894113774,0.944444946406293,0,-96.7472933448376,-135.97080473121,-78.5993602983281,1
-0.843752815730717,0.438401282032283,-0.309653928051483,0,-0.488393240409336,-0.866382397707659,0.104180872866031,0,-0.222605700939678,0.239135785039088,0.945124746647433,0,-96.792511987074,-135.982948132084,-78.488830726285,1
-0.843390649978755,0.440422573127103,-0.30776641236289,0,-0.488842805031499,-0.866697852598611,0.0993355741966392,0,-0.222990881620468,0.234228082433205,0.946262264016287,0,-96.7813500513979,-136.03078262425,-78.5868298331231,1
-0.843030570455479,0.440503536964611,-0.308635997955754,0,-0.488931826275386,-0.866751629380692,0.0984244070923816,0,-0.224154435166985,0.233876755077903,0.946074238528044,0,-96.7535000739855,-135.965279730297,-78.6378927296939,1
-0.843321190285214,0.440309632608538,-0.308118207931179,0,-0.48794828233169,-0.867613519129798,0.0956728119685906,0,-0.225201856766478,0.231028662569237,0.946525163595881,0,-96.7315828514269,-136.022187819283,-78.6134143731524,1
-0.84337644760486,0.440952838485513,-0.30704512078435,0,-0.487857938549409,-0.867886248518452,0.0936376747656178,0,-0.225190417237393,0.228766216842027,0.947077232968629,0,-96.7519538401115,-136.00413392982,-78.6092646327154,1
-0.842900518242494,0.441338516272787,-0.307796919059855,0,-0.488754117250334,-0.867239313613866,0.094948934492494,0,-0.225028979706631,0.23046951107758,0.946702567124459,0,-96.7095329130701,-136.01914687645,-78.7750911174051,1
-0.843000480830208,0.44190288803058,-0.306711524889886,0,-0.488988612772163,-0.867141578572093,0.0946337762209579,0,-0.224143384809415,0.229754757658041,0.947086313366557,0,-96.7394574456002,-136.004735287711,-78.6553082154389,1
-0.843232031874202,0.442786329671425,-0.304794945645107,0,-0.488787966999781,-0.867543588879855,0.0919478195173837,0,-0.22370967568214,0.226513442854902,0.947969216185888,0,-96.7307010504588,-136.029358461429,-78.7134118150223,1
-0.843367124950967,0.442827724900853,-0.304360982241048,0,-0.488382693284992,-0.867923931814893,0.0905015003028942,0,-0.224085619583563,0.22497062333138,0.948247789104585,0,-96.7715322138941,-136.047196411826,-78.6719506390345,1
-0.840090971025504,0.452208585989104,-0.299590617701632,0,-0.49189123914106,-0.867893528871132,0.0693095245718488,0,-0.228670392472515,0.205592307342462,0.951546978547032,0,-96.900211927743,-142.727501218206,-83.837370180453,1
-0.840226194378015,0.452003695090036,-0.299520606159519,0,-0.491896400156957,-0.867812741307549,0.0702778898076434,0,-0.228161951232956,0.206382423209286,0.951497986742599,0,-96.9385493617247,-142.717670055412,-83.8629095323417,1
-0.840680817918807,0.45154982144193,-0.298928951673512,0,-0.490567824957171,-0.868804260165134,0.0672485983787371,0,-0.229344669053449,0.203179525408967,0.951902885407123,0,-96.9301145090687,-142.724554891825,-83.8361839034849,1
-0.841023617482846,0.451401883840238,-0.29818700409662,0,-0.490014446966236,-0.869192112699103,0.0662630120187262,0,-0.229270557194589,0.20184468894952,0.952204661267218,0,-96.9385597948225,-142.766196839414,-83.7877814495719,1
-0.841422993653668,0.451607410518148,-0.296745932861107,0,-0.489949899426208,-0.869216456800564,0.0664221971807828,0,-0.227939691703011,0.201279805297858,0.952643660742266,0,-96.9709722976263,-142.691073674184,-83.8356818196878,1
-0.841593223466802,0.451639856320771,-0.296213339007391,0,-0.489797773071234,-0.869324370509882,0.0661312274715885,0,-0.227637973847899,0.200740229127543,0.952829638791036,0,-96.9989557075155,-142.720827009952,-83.7147011302286,1
-0.841646958235293,0.452002454422497,-0.295506715065983,0,-0.489077994434437,-0.870019617491306,0.0621982588157511,0,-0.228982873005603,0.196874808067626,0.953313777831733,0,-96.883505723009,-142.708008638056,-83.984238836882,1
-0.842154464939119,0.452210349920684,-0.293737586935267,0,-0.488510793580773,-0.870457885247893,0.0605012088547058,0,-0.2283269237612,0.194445348529654,0.953969515703624,0,-96.9478337053287,-142.730386960581,-83.7952857349289,1
-0.841833552630308,0.452725528639947,-0.293863737290405,0,-0.489092586406786,-0.870124459566206,0.0605960822862657,0,-0.228264610659778,0.194738401606952,0.95392464371908,0,-96.9052702879397,-142.710104832032,-83.9817368088043,1
-0.841979903780388,0.453035972908487,-0.292964670153222,0,-0.48918646595667,-0.870082639253435,0.0604388134743398,0,-0.227522508762156,0.194202622963953,0.954211116760138,0,-96.9138200512065,-142.736859235956,-83.9083026890735,1
-0.792854487399756,0.322171765516021,-0.517288157512163,0,-0.48506070968038,-0.847474907340033,0.215643982592763,0,-0.368914358384036,0.421890452506864,0.828197209240131,0,-79.6511817711493,-116.231661913348,-90.0043903904921,1
-0.791948117842721,0.324730083612814,-0.517076823818892,0,-0.483419323263884,-0.850781419981833,0.206098425319849,0,-0.372992975906519,0.413184192143868,0.830755682021475,0,-79.5650059997611,-116.239747314437,-90.046985917696,1
-0.792517566885514,0.324911193484532,-0.516089693860244,0,-0.483415562519245,-0.850605464134416,0.206832451380609,0,-0.371786528545919,0.413404141909559,0.831186962289564,0,-79.5980268096972,-116.271901070728,-89.9893181968505,1
-0.792449313302588,0.325873588503603,-0.515587432807297,0,-0.483801536169101,-0.850591886867592,0.205984023340549,0,-0.371429748191814,0.412673885337877,0.831709186326627,0,-79.6005046769012,-116.217887687868,-90.0175559455743,1
-0.792662112389986,0.327032346294823,-0.514525682148219,0,-0.485964065507475,-0.848540071480854,0.209329199451764,0,-0.368138214657117,0.415968324702562,0.83153149308162,0,-79.5971362062061,-116.297382383221,-90.0621620533609,1
-0.792817462396791,0.328105817237659,-0.513601932454991,0,-0.48437940925329,-0.850676817309382,0.204268025261145,0,-0.369887740829361,0.410725454119693,0.833359237833027,0,-79.6161682890427,-116.234836827433,-90.0721155993683,1
-0.793005233484046,0.328356656622954,-0.513151560979545,0,-0.484096659775135,-0.851007419212681,0.203560203885963,0,-0.369855484660092,0.409839250423558,0.833809745346524,0,-79.635100091369,-116.269039795979,-90.0290960966611,1
-0.792610476223586,0.329363537305315,-0.51311644870168,0,-0.485003182488208,-0.850575127504003,0.203209520475295,0,-0.369514272536862,0.409929110171588,0.833916910547665,0,-79.5489071672517,-116.244516791051,-90.2345150977446,1
-0.793062889132872,0.330303160562504,-0.511811476034382,0,-0.483440357291152,-0.852469309538724,0.198950805875823,0,-0.370589525736745,0.405210814627094,0.835743723211782,0,-79.7272745365143,-116.241156319728,-89.9404431333239,1
-0.792999946329364,0.330810779236479,-0.511581273840269,0,-0.484560221744888,-0.851465316740864,0.20052007654583,0,-0.369259496052517,0.406904349741075,0.835509610354991,0,-79.6378879214791,-116.27844846831,-90.0929113684738,1
-0.800210059532535,0.322341904386013,-0.505726771717265,0,-0.468717224719413,-0.862209273663043,0.192091984675705,0,-0.374123005828143,0.390756790511105,0.841035734943394,0,-82.3886968821764,-125.585281511148,-89.5157694256202,1
-0.802753675698742,0.320383071038993,-0.502932571331021,0,-0.465673732539963,-0.863625857604081,0.193127679572672,0,-0.372470745817055,0.389236438402774,0.842472860268427,0,-82.4471947456243,-125.444966695898,-89.4301682963544,1
-0.803011607516038,0.321823475019735,-0.501599355427082,0,-0.463907292684075,-0.865897075941065,0.187115362266109,0,-0.374115302919857,0.382951404432154,0.844621762864622,0,-82.4327374953588,-125.498769793696,-89.4498124702727,1
-0.802738948294838,0.323249473833832,-0.50111878911055,0,-0.463311629640511,-0.867131078428444,0.182828141369739,0,-0.375436572521037,0.378937434773571,0.845845041667747,0,-82.4270337414194,-125.530086517922,-89.4643475000469,1
-0.801857458502537,0.322859850143742,-0.502778391133546,0,-0.464420065484244,-0.866193131309575,0.184454447591596,0,-0.375950261591421,0.381406545243287,0.844506033954384,0,-82.3866379056758,-125.565606909645,-89.4830712584399,1
-0.80242279636041,0.323024569367606,-0.501769540766597,0,-0.464498761675612,-0.865962050379246,0.185338848143851,0,-0.374644382761959,0.381791444472655,0.844912322744743,0,-82.4806019644424,-125.575461502141,-89.395019438665,1
-0.802728785063194,0.323931749089529,-0.500694214448881,0,-0.462858658787452,-0.867837722858829,0.180608794285054,0,-0.376016417420228,0.376730526281451,0.846572950017195,0,-82.4758409714842,-125.505522411831,-89.3858405546775,1
-0.802638516435512,0.323817261241645,-0.50091291628413,0,-0.463714820265281,-0.866967964536578,0.182579011436475,0,-0.375153243873752,0.378825680881775,0.846020767766791,0,-82.4194049897375,-125.53220457165,-89.5200894929378,1
-0.802411586478096,0.324609809272778,-0.500763539447727,0,-0.464211688643225,-0.866838198333204,0.181931483762733,0,-0.375024229250153,0.378444216099555,0.846248668204165,0,-82.347721542048,-125.569012098358,-89.6004452492814,1
-0.802871955137219,0.324695439199955,-0.499969610243427,0,-0.464469627940886,-0.866438539986925,0.183173097807761,0,-0.373717479052387,0.379285240766269,0.846450237653807,0,-82.4455704178562,-125.583289755736,-89.4326954738372,1
-0.806719105675673,0.401090857093362,-0.433970552147904,0,-0.484889599712027,-0.869048320026132,0.0981687949078682,0,-0.337766755707164,0.289622457638975,0.895562647900632,0,-87.9073634573638,-131.231063264468,-85.8462872920409,1
-0.807087250634629,0.401269735263222,-0.433119798219124,0,-0.48161760356597,-0.871768847751474,0.0897972648384176,0,-0.341547423383921,0.281072346373623,0.896852100968551,0,-87.9518279956577,-131.240077545377,-85.8566602415613,1
-0.806854185276813,0.400840999570241,-0.433950135095895,0,-0.482146904075769,-0.871282020892593,0.0916619068961456,0,-0.341351118864073,0.283185497274592,0.896261883411616,0,-87.9235207249522,-131.268974241035,-85.9113146159991,1
-0.8071052238747,0.399683047925088,-0.434550846346,0,-0.482714600679092,-0.870511244459678,0.0958987821511681,0,-0.339952288777043,0.287164439019054,0.895527205575382,0,-87.9529785095906,-131.258922034673,-85.7974644173694,1
-0.807762297974991,0.399754984504971,-0.433262009328279,0,-0.48010285294065,-0.872584110275395,0.0899897464607527,0,-0.34208369402315,0.280700650487801,0.896764113672484,0,-87.9122253977387,-131.189687748376,-85.8588514586577,1
-0.808967497588229,0.398324840286401,-0.432329573401878,0,-0.478229311751373,-0.873616221650903,0.0899520474556495,0,-0.341860001097761,0.279520952666309,0.897217790813518,0,-87.9435573995491,-131.199783421424,-85.795970051294,1
-0.809369616513688,0.39724492561824,-0.432570595200936,0,-0.478667324984696,-0.872954862311805,0.0939543708435742,0,-0.340291698861957,0.28310122696618,0.896691285199553,0,-87.9341012826463,-131.263194542631,-85.759637969722,1
-0.809545870892042,0.396977900900526,-0.432485815672174,0,-0.477289997422863,-0.874004014496515,0.091165694413211,0,-0.341803574651797,0.280223963603662,0.897019973658169,0,-87.9425805423093,-131.263446514277,-85.8302090513871,1
-0.809242790408399,0.397715840628568,-0.432374980443145,0,-0.478161368768246,-0.873496754413399,0.0914603020611966,0,-0.341302907516436,0.280758610719896,0.897043419689012,0,-87.9584185914632,-131.219604150934,-85.7495932767999,1
-0.808861589883553,0.39966033757467,-0.43129394702323,0,-0.478792810343366,-0.873450143372865,0.0885561628681497,0,-0.341321366996149,0.27813012106764,0.897854853467817,0,-87.936110344976,-131.21375508685,-85.7464980733937,1
-0.80957558540616,0.436386661844907,-0.392624407448497,0,-0.483238840902207,-0.87516751179895,0.0237044354916587,0,-0.333267827703886,0.208921890960119,0.919393370520011,0,-91.8264848828737,-137.067310164029,-90.8468265218639,1
-0.812455357287096,0.431425072985154,-0.392158985043189,0,-0.476796814039755,-0.878761357987074,0.021053830817276,0,-0.335531038248709,0.204085435663013,0.919656487134776,0,-91.8314825750633,-137.097015373019,-90.829287500457,1
-0.812558389608265,0.431822799295204,-0.3915071666476,0,-0.476312452157005,-0.879071281049544,0.0189745050291682,0,-0.335969066934295,0.201897638974659,0.91997940798957,0,-91.9078861105016,-137.107357257493,-90.616079232127,1
-0.812882913665091,0.430929781495154,-0.391817315113625,0,-0.476167973911517,-0.87910294862444,0.0210229826096272,0,-0.335388325329596,0.203660079223128,0.919802818100958,0,-91.8754877905425,-137.120956674879,-90.667645786601,1
-0.813358153622722,0.430030377225907,-0.391818995167176,0,-0.474344551180567,-0.880140594959488,0.0186943992618105,0,-0.336816655518841,0.201062431985657,0.919852369219231,0,-91.8094664578747,-137.026087372763,-90.7867759092655,1
-0.813455185571644,0.430298097470203,-0.391323675232533,0,-0.474718058134831,-0.879927517964694,0.0192442463130594,0,-0.336055708092494,0.201422747260053,0.920051868288138,0,-91.8418379537429,-137.033231340236,-90.6820014800971,1
-0.81231865948575,0.43242380543648,-0.391341208635519,0,-0.475950785006395,-0.87932050906986,0.0163146207487725,0,-0.337059519599908,0.199511823326088,0.92010102085159,0,-91.8106873969265,-137.085233907326,-90.8042135257263,1
-0.812134119028056,0.434311642863629,-0.389630057055966,0,-0.476173396393061,-0.879263588854472,0.0124278081734893,0,-0.337189979088022,0.195624515920122,0.920887598578687,0,-91.8604365224864,-137.064541600091,-90.8726208719697,1
-0.811268418687931,0.434974149860156,-0.390692842533501,0,-0.476248528811743,-0.879253597027154,0.0100150566731661,0,-0.339161818801254,0.194191771894433,0.920466613774368,0,-91.7687315563154,-137.210543229164,-90.8782591120423,1
-0.811927463761217,0.434393555750946,-0.389969357996917,0,-0.47592897999778,-0.879411083874506,0.0113067986415233,0,-0.33803178918172,0.194778012802749,0.920758411449694,0,-91.8292720787257,-137.133685692502,-90.8441365871884,1
-0.804649755992002,0.46890687359275,-0.364232539744938,0,-0.49161357971799,-0.870143627325342,-0.0341528483452731,0,-0.332949126957296,0.15158059225998,0.930681604051841,0,-93.0079998496526,-139.379899589356,-100.199478250465,1
-0.80482790730321,0.469101153049814,-0.36358771681407,0,-0.490571115217406,-0.870600909110436,-0.0373350495972517,0,-0.334053718763464,0.148317331445756,0.930811505672024,0,-93.0043514876537,-139.362799931577,-100.245824378175,1
-0.805058426685016,0.469499561637492,-0.362561833123441,0,-0.491135890946614,-0.870319306025549,-0.0364667430114765,0,-0.33266567061492,0.148709279105947,0.931245992806797,0,-93.0388071406599,-139.311712936004,-100.218725865268,1
-0.805270067260325,0.469866613169628,-0.361615038970501,0,-0.490486401682799,-0.870578329587891,-0.0389410638596842,0,-0.333111322003583,0.146009184403233,0.931513905285579,0,-93.0680910166509,-139.327527345082,-100.105098241714,1
-0.80546313195189,0.470250609948436,-0.360684884088171,0,-0.489576466472032,-0.870938302620046,-0.0422071330486445,0,-0.333982204959291,0.142586549403756,0.931732245639827,0,-93.0107984703636,-139.312515383447,-100.231748145561,1
-0.80558581219287,0.470627602885324,-0.359918208999734,0,-0.489534265859459,-0.870917725940282,-0.0431099703101005,0,-0.333747889576323,0.141463514389348,0.931987345499565,0,-93.020200900966,-139.378046533053,-100.278671304658,1
-0.805639164761645,0.472933531627348,-0.356762533046231,0,-0.488814662590394,-0.87091504859748,-0.050668686756635,0,-0.33467278678869,0.13357007725187,0.93282001428313,0,-93.0723762209108,-139.377372635252,-100.186733050241,1
-0.806014338578802,0.47392082614421,-0.354598201171516,0,-0.48995758226385,-0.870338742656812,-0.0495175073671806,0,-0.332087933804984,0.13382625140796,0.93370666108954,0,-93.0742482776014,-139.355417838526,-100.24247694537,1
-0.806120341836129,0.475192093275745,-0.352650567185544,0,-0.489449569308179,-0.870359815192746,-0.0539708535676716,0,-0.332579397385308,0.129097669776565,0.934197370274598,0,-93.0587384195719,-139.424827922279,-100.184458040561,1
-0.80626714787163,0.475815345741228,-0.351472697527097,0,-0.49013888031945,-0.870005273279675,-0.053429440562213,0,-0.331205628733235,0.129192048262068,0.934672267257195,0,-93.0895450688148,-139.410615110669,-100.174627706241,1
-0.822884878047408,0.543691331046725,-0.165106727733801,0,-0.520932423190241,-0.837909152117437,-0.162903905282301,0,-0.226913875183389,-0.0480417016228036,0.972729196418004,0,-90.6800384499271,-134.452360510597,-104.80490596545,1
-0.818604040078836,0.553793453683229,-0.152317075959541,0,-0.533967134630442,-0.83147953814848,-0.153366011262485,0,-0.211581638159766,-0.04421372203768,0.976359757853461,0,-90.7943882516501,-134.493772765801,-104.666316842028,1
-0.818372163606933,0.555204778953515,-0.148373307499937,0,-0.535414522396372,-0.830400287304215,-0.154164315887343,0,-0.208801997248273,-0.0467225527665985,0.976841198826877,0,-90.7639070114876,-134.432460165028,-104.788516170251,1
-0.820381056329027,0.554057673026441,-0.141403831349106,0,-0.533770706380268,-0.830707221876579,-0.158159321721762,0,-0.205094569927478,-0.0542736857995557,0.977236197824538,0,-90.7345043755254,-134.390418670436,-104.71805916067,1
-0.821712727454656,0.552654040490459,-0.13914603093689,0,-0.532526940393637,-0.83154922691432,-0.157926736356519,0,-0.202985618654907,-0.055671399250789,0.977597835288159,0,-90.7343607217381,-134.321405846777,-104.658084762162,1
-0.821960409714138,0.552190532441104,-0.139522756618573,0,-0.533099968568686,-0.832144637213718,-0.152773120506848,0,-0.200462975490391,-0.0511938718668058,0.978362803732358,0,-90.7185825263924,-134.419853285945,-104.818771634629,1
-0.821192458431979,0.553990829674809,-0.136883051148365,0,-0.535301634537988,-0.830945893187672,-0.151594668113703,0,-0.1977244644954,-0.0512146925805483,0.978918833149279,0,-90.7520313167762,-134.406299847804,-104.835042219697,1
-0.819189888012431,0.558293021579726,-0.131289267607569,0,-0.539689222381047,-0.827856664203541,-0.152934398511963,0,-0.194070901473627,-0.0544269020809147,0.979476493025261,0,-90.7480787024604,-134.482819244434,-104.889938869233,1
-0.818198596163483,0.560180831946316,-0.129416126810354,0,-0.541477071450178,-0.826475959427831,-0.154078269644084,0,-0.193271006377318,-0.0559907425587073,0.979546506101831,0,-90.7912292854156,-134.472403943736,-104.965516589534,1
-0.817224346987037,0.561901878429807,-0.128103882852851,0,-0.543472601083694,-0.825337261851511,-0.15315317226036,0,-0.191785963896146,-0.0555395579971117,0.979864020576372,0,-90.7681626808565,-134.508266170478,-104.959060938576,1
-0.732599151747403,0.245880305237559,-0.634697896591532,0,-0.402797130302568,-0.908279328462112,0.113062972376267,0,-0.548683021314212,0.338484330691804,0.764444469932203,0,-79.2889655406674,-105.35331562691,-89.3307291714175,1
-0.730688963686778,0.265532452182052,-0.628956345566349,0,-0.409528704073705,-0.907584932581534,0.0926055722748597,0,-0.546241555027613,0.32524152619663,0.771905496559193,0,-79.3532767722756,-105.453360980693,-89.3235504518361,1
-0.727944856597402,0.275437522430109,-0.627877655346572,0,-0.412532494181405,-0.907403812988726,0.0802192269426957,0,-0.547643211997102,0.317415095999772,0.774166976570278,0,-79.3095721770848,-105.452646394453,-89.3091393349937,1
-0.726996141622482,0.278986525784498,-0.627409731357918,0,-0.413415429608902,-0.907403084932256,0.0755458612661705,0,-0.548237302599333,0.314302380174257,0.775016004925344,0,-79.2961515583978,-105.466728509236,-89.3229806484276,1
-0.72634454279176,0.279956979651222,-0.627732113450885,0,-0.415062654660605,-0.906618632487683,0.0759309354710026,0,-0.547856236855693,0.315700174207127,0.774717290764402,0,-79.2345500422553,-105.412047890943,-89.4074669420347,1
-0.727191081886286,0.280155272431147,-0.626662623418936,0,-0.41424486748962,-0.907054260405838,0.0751906211919501,0,-0.547351978527355,0.314269708070991,0.775654758582958,0,-79.2668271942754,-105.395886614983,-89.3353867065691,1
-0.729296988510317,0.284153900358408,-0.622400563366797,0,-0.413566493600848,-0.907766662901974,0.0701595664373693,0,-0.545058331717472,0.308571198082369,0.779548072440663,0,-79.3917558806011,-105.373706688446,-89.2619458969182,1
-0.729201689333616,0.285700396634607,-0.62180389167465,0,-0.413600628804472,-0.907924846597784,0.0678731486947085,0,-0.545159784242548,0.30667170953364,0.780226359452661,0,-79.2218479069949,-105.395073716535,-89.4486794891643,1
-0.731159671208176,0.288460830650932,-0.618219934671617,0,-0.409121902817477,-0.910570873759048,0.0589909847626994,0,-0.545916466753287,0.296059151087709,0.783788353633889,0,-79.3095228361707,-105.33493482784,-89.3275691850949,1
-0.731012319889474,0.288863841358082,-0.618205914638777,0,-0.408865776178218,-0.910755097959152,0.0579122895992096,0,-0.546305468658343,0.295097808772354,0.783879823192585,0,-79.2498723466873,-105.333670955985,-89.3871468195969,1
-0.734126054282216,0.285146475335135,-0.616238979524186,0,-0.409871876225528,-0.909652056546719,0.0673659633004691,0,-0.541353838388837,0.302034163791556,0.78467278649515,0,-82.5522160444455,-112.872706194881,-88.6388040838847,1
-0.73508686772517,0.286754306863102,-0.614344547207685,0,-0.405126029407162,-0.912362168912409,0.0588904758639455,0,-0.543617616594477,0.292176586236666,0.78683714509937,0,-82.5029485237661,-112.828867845625,-88.6847056357863,1
-0.734993597735649,0.286290897290937,-0.614672304058778,0,-0.404824341583529,-0.912484717834642,0.059067596324774,0,-0.54396852574895,0.292248643168944,0.786567868063747,0,-82.6709468529295,-112.808440847769,-88.5213795909533,1
-0.735178078336748,0.286961469018422,-0.614138627587476,0,-0.405489074870547,-0.912182041582948,0.0591813972340789,0,-0.543223442177698,0.292535370314558,0.786976053074807,0,-82.7988802356703,-112.851328677309,-88.4084125430618,1
-0.734634631503145,0.288314023170151,-0.614155570216341,0,-0.40281076919956,-0.913755068766913,0.0528698762716787,0,-0.545944604511697,0.286228541580579,0.787412051019195,0,-82.587066752713,-112.803453014138,-88.6773530167793,1
-0.735244270055879,0.287818385401764,-0.613658319216567,0,-0.402852050826134,-0.913662322449763,0.0541438866957233,0,-0.545092893163289,0.287022490277345,0.787713084046338,0,-82.7071118019256,-112.805171037449,-88.6080941418359,1
-0.736137815257444,0.285579626919081,-0.613632927776997,0,-0.400517288978914,-0.914648650578868,0.0548062250624939,0,-0.545606994605412,0.286115526967833,0.787687058524695,0,-82.639820793193,-112.821316379175,-88.6274214359485,1
-0.736996281708098,0.285484263119845,-0.612646101654718,0,-0.39913649849641,-0.915322149508824,0.0536231965341764,0,-0.545459958496902,0.28404952258615,0.788536184664928,0,-82.6425889273879,-112.768510474324,-88.6133512430154,1
-0.738509453473274,0.285341402527338,-0.610887837908693,0,-0.397097543929108,-0.916298689265974,0.0520592380018504,0,-0.544901122948331,0.281028264904337,0.790003699040416,0,-82.7408863065889,-112.832173161517,-88.5296753386344,1
-0.738326070964254,0.285478371643845,-0.611045617247903,0,-0.396358056900485,-0.916698320423182,0.0506409623492448,0,-0.545687577398815,0.279582405512624,0.789973896685554,0,-82.6356786976903,-112.760745357404,-88.6534458835952,1
-0.744772934160252,0.290883675098021,-0.600582980197286,0,-0.372103817514957,-0.928114526792719,0.0119209000652649,0,-0.553942197972801,0.232357578352498,0.799473558295411,0,-86.2095299261164,-124.85373349501,-86.793217908488,1
-0.74539303476625,0.286893266306331,-0.601732179838992,0,-0.369483063520862,-0.929121109653991,0.0147100305001222,0,-0.554861828414202,0.233294630786878,0.798562475816673,0,-86.2542374450999,-124.761496985547,-86.7048411250194,1
-0.744844963293019,0.286365899794347,-0.602661200693006,0,-0.369812289418003,-0.92897481037035,0.0156408206057996,0,-0.555378081769769,0.234521500546709,0.797843867712821,0,-86.2079197531785,-124.78668796726,-86.7119739706714,1
-0.743770477664605,0.289934313052766,-0.60228193670117,0,-0.369068787722121,-0.929364262590589,0.0083812603969581,0,-0.557309298384335,0.228517193128029,0.798239448774154,0,-86.1653842853414,-124.870039988035,-86.8015388948752,1
-0.743827107823299,0.29185896091101,-0.601281684899106,0,-0.369984047137187,-0.929013589973359,0.00675759480077283,0,-0.55662658073649,0.227491124412146,0.799008562044186,0,-86.2787143531744,-124.921041341751,-86.6856038668191,1
-0.743321481771531,0.291060274940268,-0.602293099780831,0,-0.368965283451029,-0.929422341236386,0.0062127703061555,0,-0.557976396519445,0.226843309147727,0.798250838709607,0,-86.3189521934755,-124.780089016426,-86.6563935712013,1
-0.743172499747051,0.290284044397726,-0.602851451188718,0,-0.368433701436067,-0.92963092237316,0.00655676903284704,0,-0.558525990564962,0.226983627520993,0.797826524111699,0,-86.2309822297702,-124.826690710645,-86.7307051781154,1
-0.743107953783024,0.290818433499541,-0.602673369879269,0,-0.368067686502813,-0.929784649430909,0.00516950647266056,0,-0.558853096642958,0.225666069435716,0.797971215459891,0,-86.1876490912475,-124.84383290821,-86.7507975631161,1
-0.74326351911892,0.291479486006313,-0.602161944057509,0,-0.367350803868633,-0.930076843374481,0.00322194126101755,0,-0.559117748512725,0.223599425013366,0.798367466192253,0,-86.2714249579558,-124.885155271262,-86.5991540851023,1
-0.743094043497287,0.294962686529222,-0.600673178234202,0,-0.367177688966682,-0.930147413158662,-0.00251589573143874,0,-0.559456686105237,0.218684250987291,0.799490720269379,0,-86.3995728668725,-124.858129861737,-86.5620421985616,1
-0.817780694323253,0.50478255564716,-0.276458505063039,0,-0.496037808985049,-0.861781018668064,-0.106207186004805,0,-0.291858229949438,0.0502796811639432,0.955139113983941,0,-100.614762046145,-140.780353211616,-71.7187285427551,1
-0.815174407221055,0.514593193590461,-0.265865544822451,0,-0.502735587830433,-0.856559469297771,-0.116459233717704,0,-0.287658760447215,0.0387255038774573,0.956949720097713,0,-100.660097053725,-140.835288100449,-71.6416979623473,1
-0.814002438951686,0.517879468846047,-0.263060494554885,0,-0.505100384639147,-0.854719346963909,-0.119701193774613,0,-0.286833690358662,0.035434882142574,0.957324811900298,0,-100.701147794693,-140.809037455847,-71.6602780120868,1
-0.813431018766188,0.519390135218606,-0.261846934576144,0,-0.506145396760612,-0.853867708666912,-0.121353713436217,0,-0.28661256837409,0.0338197366462452,0.957449453001854,0,-100.673967152367,-140.808758475852,-71.6836535117416,1
-0.813675609073688,0.520639739898348,-0.258585036885996,0,-0.505993637043513,-0.853303212108211,-0.12587303634407,0,-0.286185945198797,0.0284225636608862,0.957752450854141,0,-100.64599166006,-140.834798738949,-71.7829471705695,1
-0.813797265215848,0.521247516301206,-0.256972921799694,0,-0.505469865752178,-0.853055966825856,-0.12959852610163,0,-0.286765187111457,0.02442515462119,0.957689482430323,0,-100.590636007988,-140.820653345331,-71.8632767947481,1
-0.813252269523354,0.523367046912821,-0.254376894967086,0,-0.506528584720962,-0.85186145537701,-0.133269553366297,0,-0.286442764322643,0.0204673965962318,0.95787870782894,0,-100.691773512632,-140.844798510655,-71.5192779977103,1
-0.812134462692295,0.525322947225573,-0.253915705546123,0,-0.507817797562681,-0.850697777787934,-0.135772357901928,0,-0.287329864475383,0.0186774823487814,0.957649555699804,0,-100.670708213138,-140.846153125116,-71.6480992423515,1
-0.810549747126257,0.529330926143431,-0.250635159607204,0,-0.510371502015,-0.848306752408208,-0.141055643606004,0,-0.287280613848744,0.01358443323509,0.957750137264273,0,-100.655691929828,-140.848270748794,-71.7768737430213,1
-0.809924241138709,0.530409140698573,-0.250377363385112,0,-0.510725291508846,-0.847663050901941,-0.143620969689486,0,-0.288413510414497,0.0115519499559848,0.957436261007293,0,-100.677417021948,-140.86335162811,-71.7091203669229,1
-0.791486385325727,0.55860360710662,-0.248014818900698,0,-0.524784834661939,-0.829132844677937,-0.192716483783127,0,-0.313289356576729,-0.0223780559093768,0.949394021127191,0,-98.7083695956767,-144.676256857676,-83.1958331084259,1
-0.795834284276936,0.55294621834814,-0.246775775855914,0,-0.517668872554272,-0.832726704241202,-0.196431123808409,0,-0.314112628513269,-0.0285784892743213,0.948955493362683,0,-98.6799484000302,-144.492979077465,-83.1197171400684,1
-0.79604745981069,0.553190372044167,-0.245537917470263,0,-0.516954128605409,-0.83244518351073,-0.199482981336153,0,-0.314748926631878,-0.0318660885448279,0.948639904226648,0,-98.6320469483582,-144.516005252907,-83.2047232138375,1
-0.795537185495122,0.554232395395956,-0.244840512897188,0,-0.518238192652216,-0.831769323364009,-0.1989693435858,0,-0.313926084451804,-0.0314018248057026,0.94892798195723,0,-98.6312176567393,-144.547018351009,-83.2961359073095,1
-0.793927798453582,0.556493308389544,-0.244936358781988,0,-0.519418985577652,-0.830173878121723,-0.202522145645276,0,-0.316041986190722,-0.0335633700881888,0.948151337528635,0,-98.5919054169776,-144.583626484888,-83.348266262637,1
-0.79314086416882,0.557818329880717,-0.244471579519825,0,-0.520951361443826,-0.829308344871865,-0.2021321904165,0,-0.31549536846935,-0.032961502973918,0.948354481575693,0,-98.587196401038,-144.617483126437,-83.360489867966,1
-0.793105251953763,0.559066405844818,-0.241720240268413,0,-0.521768945054703,-0.828358114526474,-0.203911401586536,0,-0.314230929428441,-0.0356010891312891,0.948678799582192,0,-98.6705531653482,-144.628215896097,-83.2743778370575,1
-0.793200818192412,0.559520226744024,-0.240353167414933,0,-0.521438322705152,-0.827923366246243,-0.206506758515082,0,-0.3145387256247,-0.0384719969132783,0.948464709781467,0,-98.6212185714377,-144.535122069947,-83.4410998105811,1
-0.793636097268,0.560310812174776,-0.23705195483051,0,-0.521260739141964,-0.827161336064275,-0.209979653469043,0,-0.313734097401885,-0.0430815766264885,0.948533029184986,0,-98.6525442391134,-144.539396428481,-83.231841369723,1
-0.793796531304093,0.561157086197159,-0.234498950625412,0,-0.521665741229939,-0.826441393793372,-0.211800477154118,0,-0.312652978234674,-0.0457964190336399,0.94876277236278,0,-98.6680095940693,-144.557948933572,-83.3381654479015,1
-0.793684497352337,0.573370917303609,-0.203250500755638,0,-0.520704907690656,-0.813071310880592,-0.260348788876495,0,-0.31453358304296,-0.100801279515663,0.943879089699049,0,-97.4109780345545,-146.757221962658,-91.9344146985479,1
-0.794039866954426,0.573528334667472,-0.201410464515111,0,-0.52050416935017,-0.812654147453384,-0.262047476273537,0,-0.313968711422836,-0.103241145816889,0.94380344932124,0,-97.4145339105803,-146.731060870226,-92.0369454403865,1
-0.793614524674402,0.573865119474289,-0.202125848482795,0,-0.521259003311389,-0.812643516198472,-0.260575560075413,0,-0.313791479549303,-0.101436605927624,0.944058011855368,0,-97.4185829924961,-146.793976115258,-91.8737334120513,1
-0.79276530026608,0.575472574731331,-0.200883973982316,0,-0.522456349716943,-0.811306528028786,-0.262337480890993,0,-0.313946504031987,-0.103018961667777,0.943835084590117,0,-97.43521186291,-146.784141288721,-91.8561643485939,1
-0.792662497286635,0.575920434589341,-0.200004510755073,0,-0.522345934030636,-0.810726400326599,-0.264343349019487,0,-0.314389680539576,-0.105063540800747,0.9434621237449,0,-97.399057670782,-146.814389996403,-91.9141514976832,1
-0.792813426110265,0.576186160818381,-0.198636272939136,0,-0.521880774804512,-0.810146509315048,-0.267026363680895,0,-0.31478137891496,-0.108037637493549,0.942995519986334,0,-97.4245715087195,-146.731468509484,-91.9043202370024,1
-0.793083299858857,0.575848968365464,-0.198536749630526,0,-0.521987885187169,-0.810511580049184,-0.265705901857403,0,-0.313922800586959,-0.107093124801532,0.94338938792191,0,-97.4331994355838,-146.724107852109,-91.8779944467476,1
-0.793517221651958,0.57519527418666,-0.198697690638856,0,-0.521310756298856,-0.810956705738657,-0.265677030825965,0,-0.313951386791348,-0.107236030046189,0.943363638169791,0,-97.4130275226745,-146.752353585653,-91.8808729019127,1
-0.793664726353254,0.57587386113317,-0.196126074865631,0,-0.521360863125351,-0.809986510630676,-0.26852288802586,0,-0.313494783445532,-0.110864700871699,0.943095972608171,0,-97.5389010064071,-146.749101800652,-91.6525887681671,1
-0.792841951287881,0.576939793453852,-0.196321499983898,0,-0.521463004333004,-0.808959097474557,-0.271406568842409,0,-0.315401317038967,-0.112808124243936,0.942229451308104,0,-97.4108205066169,-146.702774816497,-91.9864648119278,1
-0.792094397095582,0.576899047471493,-0.199434340808495,0,-0.520977797361778,-0.809206240804983,-0.271601724580852,0,-0.318070291305019,-0.111233328760949,0.941519225856186,0,-96.9016250338127,-147.628993545117,-103.970294573367,1
-0.793010326337298,0.576083663229663,-0.198147024442526,0,-0.518650105999073,-0.809048032352806,-0.276483926708068,0,-0.319588330312633,-0.11648562106685,0.940369289438791,0,-96.9158570248163,-147.624714732407,-103.896016806836,1
-0.793265120766468,0.576176178089814,-0.196853756513417,0,-0.518260455102395,-0.808642801280579,-0.27839335501234,0,-0.319587992251217,-0.118818231501332,0.940077514624014,0,-96.8648060889961,-147.66558367844,-103.952509440921,1
-0.793743849718426,0.576388746504559,-0.194285004518054,0,-0.518297680593616,-0.808096017351217,-0.279907654047396,0,-0.318336555749147,-0.121477505588965,0.940162243749682,0,-96.9288570855143,-147.622301289533,-103.988538448048,1
-0.793354617606406,0.577506214510274,-0.192548638289317,0,-0.518238769384948,-0.806663764248377,-0.284116354037036,0,-0.319400969514042,-0.125618861305975,0.939256575680838,0,-96.8792956211502,-147.628208751584,-104.104813325944,1
-0.793715166437416,0.577570123069038,-0.190863835946926,0,-0.518009556229938,-0.806265035582806,-0.285662060484859,0,-0.318876706683515,-0.127865007074438,0.939131614097869,0,-96.8878906563365,-147.669209524673,-104.073596881138,1
-0.794137430317843,0.577587902896008,-0.189044583280452,0,-0.516967600435757,-0.8055530894089,-0.28953173127241,0,-0.319515468288744,-0.132198061217347,0.938314191096466,0,-96.8681259524752,-147.653228868113,-104.006957436815,1
-0.793834636852159,0.578485193006935,-0.187567175422694,0,-0.517293014620903,-0.804498971309127,-0.291872119354117,0,-0.319741300257599,-0.134671014664806,0.937885503565028,0,-96.9046956352022,-147.652564155396,-103.919639067385,1
-0.792596230736089,0.580281981690899,-0.187253938745953,0,-0.518664410414604,-0.803087425676394,-0.293322039583608,0,-0.320590776987123,-0.135363984809747,0.937495677576237,0,-96.8382636034384,-147.717456377493,-104.193819006664,1
-0.791959342116933,0.581464121810354,-0.186279118696343,0,-0.519100846560011,-0.801835448734923,-0.295963266671138,0,-0.321457224386089,-0.137693229264197,0.936859559036237,0,-96.8296187607879,-147.633310584276,-104.208092564745,1
-0.802737750060597,0.566863495344586,-0.18514297483869,0,-0.528582722480526,-0.820105316557033,-0.219152035966407,0,-0.276066027520476,-0.0780582300772709,0.957963708032779,0,-93.4012799078608,-134.95804852194,-82.1938641290724,1
-0.800787136715164,0.570555045438005,-0.18222703828472,0,-0.530600852125391,-0.816916091089018,-0.226076592478816,0,-0.277853335528069,-0.0843494236633946,0.95691309572235,0,-93.4688064245873,-134.999426667665,-81.9904291021162,1
-0.800207833489225,0.571874333729245,-0.180629829816323,0,-0.531526041831031,-0.815772507593094,-0.228024659238379,0,-0.277754302025632,-0.0864576731181378,0.956753685224939,0,-93.545355006245,-134.984843431028,-81.9644035003428,1
-0.800236416305352,0.571460410766429,-0.181809439965287,0,-0.531380555513008,-0.816235963964064,-0.226701449032984,0,-0.277950312430477,-0.0848047707397852,0.956844696970212,0,-93.5064539106156,-135.018108836961,-82.0387005192904,1
-0.80094523300933,0.570619016179977,-0.181330213270167,0,-0.530345095863985,-0.816697577819674,-0.227462360727547,0,-0.277886286755521,-0.0860172864616927,0.956755054761897,0,-93.5260849663536,-134.973489018754,-81.9669207883701,1
-0.800927673958442,0.570785865584576,-0.180882150723312,0,-0.530062333710045,-0.816405900482055,-0.229162215906726,0,-0.27847581171871,-0.0876635543225456,0.956434170761909,0,-93.5329822815589,-134.987852443993,-81.8538380636467,1
-0.800550638459954,0.571389909251632,-0.180643828255692,0,-0.530730677719447,-0.816000865063544,-0.229057815684103,0,-0.278286841549199,-0.0874991587849951,0.95650422071215,0,-93.5351888251213,-135.02085705501,-81.8709431218349,1
-0.800232860359423,0.572221064877049,-0.17941728640861,0,-0.531102818522149,-0.815186447649584,-0.231086536843455,0,-0.278491134407009,-0.0896340198988275,0.956247064466379,0,-93.5542448360771,-134.94336590518,-82.0505947859676,1
-0.800284254628681,0.572222913961631,-0.179181514345835,0,-0.531268679991966,-0.815215972895641,-0.230600246819478,0,-0.278026376581162,-0.0893522219994381,0.956408652274904,0,-93.5618576551754,-135.01168777383,-81.9036104455952,1
-0.800407389332927,0.571969775636402,-0.179439508703251,0,-0.531256684874334,-0.81548643002663,-0.229669694557308,0,-0.277694605362963,-0.088500882236615,0.956584180187341,0,-93.5394134776704,-135.035065427891,-81.9445231079189,1
-0.797560234303549,0.57908299900956,-0.168998729410959,0,-0.528570595818712,-0.805862236551273,-0.266831778799014,0,-0.29070744145217,-0.123486655896229,0.948809902874636,0,-93.7098161386608,-139.872719246294,-90.5583413728393,1
-0.798750326311127,0.576283819885451,-0.17290082445659,0,-0.526475555460203,-0.80855781426151,-0.262788090246506,0,-0.29124082570029,-0.118874009128071,0.949235337520253,0,-93.734869541274,-139.863241283466,-90.5230504055669,1
-0.798718932022549,0.576034585527264,-0.173874486886296,0,-0.526061406329763,-0.808786768594113,-0.262913409660487,0,-0.292074612568739,-0.118525279192434,0.94902275787641,0,-93.6826372728443,-139.839052035175,-90.7251367264694,1
-0.799609418196716,0.574575057596746,-0.17460876443568,0,-0.525146319580515,-0.810070853998744,-0.260780559694575,0,-0.291283469696983,-0.116827430697314,0.949476320460947,0,-93.7505101723632,-139.843786769542,-90.4966530265144,1
-0.799499698397615,0.57438751356302,-0.17572473032012,0,-0.525085874949373,-0.810390526049761,-0.25990763615404,0,-0.291693359608202,-0.115525517368559,0.949509786056418,0,-93.7091410536661,-139.858275177199,-90.5524698113604,1
-0.799043592275542,0.57531505574073,-0.174762478837808,0,-0.525337592693065,-0.809380301480139,-0.26253371501007,0,-0.292488899446032,-0.117966556244715,0.948964770271188,0,-93.6640669978111,-139.873853722238,-90.7215513750566,1
-0.798979211156446,0.576030719805592,-0.172686756057934,0,-0.525821000522311,-0.808532189569599,-0.264173930042853,0,-0.291795093258997,-0.120267153230364,0.948889571657559,0,-93.7765449646286,-139.85451000984,-90.3740365018061,1
-0.798148955021176,0.576724727448217,-0.174203140252781,0,-0.526374879022744,-0.808219353665099,-0.264028157929425,0,-0.293065910572461,-0.119037638563524,0.948652938840901,0,-93.6962264663954,-139.816416167626,-90.6557664432319,1
-0.798230361821984,0.576672798487163,-0.174001849307466,0,-0.526153440829624,-0.808157669590939,-0.264657537210136,0,-0.293241725898413,-0.119706014628339,0.948514492155733,0,-93.7255433831954,-139.860166765004,-90.4478763843515,1
-0.797991535520475,0.577469458556476,-0.172448595323634,0,-0.526741654418977,-0.807330060960308,-0.266010126227213,0,-0.292835657657963,-0.121437970585562,0.948419788211021,0,-93.7482520760884,-139.852119807425,-90.5026130304677,1
-0.793830171666956,0.589368177861725,-0.14992930603693,0,-0.527070328620442,-0.789753856577717,-0.313824313217488,0,-0.303365311588426,-0.170099926399384,0.93756893114709,0,-93.2448059086727,-140.252603755622,-101.708741291067,1
-0.793954990419998,0.589591801318943,-0.148381019522829,0,-0.527585839170001,-0.78942572933027,-0.313783600941888,0,-0.302140030813847,-0.170846335807574,0.937828834320199,0,-93.2142942572225,-140.255792498761,-101.878631511128,1
-0.794113766741185,0.590631335251444,-0.143310617821163,0,-0.527325836755494,-0.7868140178737,-0.320704142989733,0,-0.302176718096857,-0.179104182444123,0.936275023631683,0,-93.2713723565693,-140.299307262541,-101.622418997104,1
-0.794200193092242,0.590729856879894,-0.142422846168069,0,-0.526906260274671,-0.786226084726198,-0.322828620016523,0,-0.302681059678488,-0.181347060266678,0.935680189022079,0,-93.272608943786,-140.295900344331,-101.578734591564,1
-0.795619598163692,0.588202606045513,-0.144938054342268,0,-0.525004997713478,-0.788860034041871,-0.319483174215514,0,-0.302256668430068,-0.178093873045402,0.936441915238801,0,-93.241540038597,-140.327068061864,-101.708246021209,1
-0.796267115214151,0.587535644091544,-0.144085560102982,0,-0.524112533481172,-0.788959625668798,-0.320700573587142,0,-0.302100711855267,-0.179846263167613,0.936157304221536,0,-93.3079195980934,-140.271516918035,-101.454341343621,1
-0.796236593294436,0.587335564686204,-0.145066138422752,0,-0.524004019780967,-0.789378393820583,-0.31984608699814,0,-0.30236905210417,-0.178657892432119,0.936298193787941,0,-93.2249837236221,-140.301934803359,-101.670026226987,1
-0.796056618253964,0.587493113745003,-0.145415782860315,0,-0.524428638424146,-0.789515501836136,-0.318810167334705,0,-0.302106794454382,-0.177530736391733,0.936597208169389,0,-93.2198577645381,-140.268921229995,-101.789455455473,1
-0.795888275712072,0.587821463966052,-0.145009282084172,0,-0.524417963864975,-0.789004867303874,-0.320089100749995,0,-0.302568270048517,-0.178709702290171,0.936223942091115,0,-93.2246105607024,-140.311941041104,-101.775327389563,1
-0.79622055930372,0.587473798738156,-0.144594036043128,0,-0.524138387881344,-0.789173631812166,-0.320131224568623,0,-0.302178511275096,-0.179107777102275,0.936273765800254,0,-93.2936966435204,-140.347923760876,-101.506134352634,1
-0.789908123830591,0.592382684583917,-0.158518207379186,0,-0.547539343870513,-0.797723217903205,-0.25266269926358,0,-0.276126669592617,-0.11278536696942,0.954480768569853,0,-88.164518071769,-131.789515077406,-86.1953364018898,1
-0.788005515226283,0.59610921501702,-0.15395167432733,0,-0.55072072571953,-0.794272601731447,-0.256588631368874,0,-0.275234442824073,-0.117408870646984,0.954180884056633,0,-88.1710230923019,-131.879808053812,-86.2401870696281,1
-0.787956156587684,0.596358102147208,-0.153238541627511,0,-0.549822215267092,-0.793500942718842,-0.260867257023197,0,-0.277165228651467,-0.121298016243957,0.953134942958595,0,-88.1349713404252,-131.856510218999,-86.2989714007479,1
-0.788526398723306,0.595747373253256,-0.152680147185293,0,-0.549175764709714,-0.793831650065985,-0.261222756374946,0,-0.27682510743165,-0.12213280716722,0.953127191241478,0,-88.2063908897648,-131.862002736076,-86.0433623662302,1
-0.788343371300414,0.59562320552673,-0.154102335146887,0,-0.548647238889484,-0.79394800531366,-0.261978225396114,0,-0.278389538490306,-0.121980964945366,0.952690864526508,0,-88.1138558032882,-131.859612497083,-86.3659463437746,1
-0.789461089120163,0.594693653037831,-0.151956034287447,0,-0.547232986995394,-0.794061773739387,-0.264578801284701,0,-0.278005813768407,-0.125719324553888,0.952316868119572,0,-88.1566962365094,-131.863355528707,-86.2640551134514,1
-0.789558949903084,0.594928348875819,-0.150522463383339,0,-0.547185304449384,-0.793549960542099,-0.266208163516823,0,-0.277821882500474,-0.127823356567093,0.952090438348846,0,-88.144392031255,-131.814811123457,-86.387550749037,1
-0.789600699230777,0.595409912414901,-0.148383696831268,0,-0.547499271744898,-0.792800795348841,-0.267789833598217,0,-0.277083433315686,-0.130207082250418,0.95198260483532,0,-88.1548080377388,-131.819873767883,-86.3557023810586,1
-0.789858127258701,0.595027871465503,-0.148546032323401,0,-0.546639448231059,-0.79286690310671,-0.269346163786131,0,-0.278045698214857,-0.131544106091075,0.951518119559465,0,-88.1403263190466,-131.848544180211,-86.3818872478857,1
-0.79021662642183,0.594862863898725,-0.147294560691762,0,-0.545755751307506,-0.792432000268741,-0.272400485755261,0,-0.278761847866373,-0.13486854201642,0.950842934301993,0,-88.1216765465568,-131.836982663528,-86.3167914754772,1
-0.781841231286709,0.602394600573633,-0.160763564999987,0,-0.545991075247481,-0.786016328431475,-0.289951674268033,0,-0.301028104395006,-0.138920703412408,0.943442155963823,0,-89.5012866505961,-134.361314033584,-97.2538977705206,1
-0.779810701303425,0.604925296001626,-0.161123180782575,0,-0.548056903053775,-0.784084844126157,-0.291280991109723,0,-0.302537482470975,-0.13883935001138,0.942971213979282,0,-89.4707423887378,-134.402794417633,-97.4470695456066,1
-0.779161729172778,0.605566770524639,-0.161851540480383,0,-0.548728386600794,-0.783769862099505,-0.290864205830081,0,-0.302992062516156,-0.137817738180949,0.942975124875085,0,-89.437548402742,-134.35711035744,-97.6995331246467,1
-0.779466923652714,0.605379856043559,-0.16107898683869,0,-0.548375476252211,-0.783693982260725,-0.291732718650716,0,-0.302845739163942,-0.139064243118895,0.942839105203139,0,-89.4923796694184,-134.419570030258,-97.4371953704454,1
-0.780183331253578,0.603859014698879,-0.163304390871343,0,-0.547764503460526,-0.785554419550985,-0.28785128995748,0,-0.302106084661374,-0.135124424693672,0.943648935429099,0,-89.4578082978064,-134.424792231021,-97.4818904706788,1
-0.780118469955445,0.603600448456253,-0.164564765519522,0,-0.547483871419637,-0.785933588955626,-0.287349436763123,0,-0.302781221128413,-0.134070054004827,0.943582924780966,0,-89.4070696859337,-134.398013029354,-97.5188151755242,1
-0.779936255507179,0.604376063864087,-0.162570157438341,0,-0.547759608718987,-0.784832673685002,-0.289822593104396,0,-0.302752208363178,-0.13699376621394,0.943172208906135,0,-89.4945223025007,-134.349568061923,-97.4376638095271,1
-0.779310696606757,0.60529840567399,-0.16213750176744,0,-0.548585134359686,-0.784064700346764,-0.290339097606343,0,-0.302868079950935,-0.13731814683337,0.943087819809819,0,-89.4912589784977,-134.325348130921,-97.3742950798419,1
-0.778334184101168,0.606162342288679,-0.163594003337061,0,-0.549913476402655,-0.783903778479396,-0.288253227991733,0,-0.302970204657548,-0.134394801490432,0.943476059410081,0,-89.477836293237,-134.338899533381,-97.4149578689724,1
-0.778950984263746,0.605642164905701,-0.162582585712324,0,-0.549488325243481,-0.784148223251198,-0.288399543392322,0,-0.302155779532478,-0.135311880186735,0.943606170534067,0,-89.5473577967752,-134.346054164235,-97.1835147027621,1
-0.772120701594611,0.635228653072325,-0.0177249821420134,0,-0.581367890851848,-0.71736568147169,-0.383924294622535,0,-0.256595009583559,-0.286131140753758,0.923194438453687,0,-88.5989947812258,-131.244292286766,-104.820855200776,1
-0.767258726310077,0.641312043246516,0.00575108942463397,0,-0.594611339267154,-0.707969166813921,-0.381073687783713,0,-0.2403155615731,-0.295801768732481,0.924526783755955,0,-88.585812401842,-131.246185401444,-104.765895497409,1
-0.766550957044729,0.642107239987034,0.00988403677336565,0,-0.599401466765574,-0.70987531186059,-0.369857710432071,0,-0.230471865926844,-0.28943929645328,0.929035830413851,0,-88.5226438527745,-131.269850979884,-104.828852903079,1
-0.766630321852031,0.641939073028411,0.0138648304290662,0,-0.601024758875712,-0.709835877046746,-0.367290511744281,0,-0.225936381335624,-0.289909142342471,0.930002930386025,0,-88.5515678561672,-131.26468506105,-104.900898698019,1
-0.759777422549498,0.649630010921934,0.0268166950898613,0,-0.612724324296444,-0.701597772930965,-0.363771220713667,0,-0.217502176641548,-0.292816374340838,0.931102238359008,0,-88.620388063517,-131.30273272571,-104.796203115904,1
-0.753199003296317,0.656853034087372,0.0351474520356742,0,-0.622161863726278,-0.694035502145436,-0.362255901560617,0,-0.213555311866133,-0.294718174290058,0.931415764152562,0,-88.5869033068381,-131.271429863575,-104.990030011595,1
-0.742959649589521,0.666696420101905,0.0593867933792095,0,-0.635632882579657,-0.674967075756752,-0.374686860075386,0,-0.209718255535152,-0.316125416101973,0.925247515982339,0,-88.5749789990386,-131.237248459997,-105.003134558908,1
-0.738654637796179,0.670522798779047,0.0692002289591911,0,-0.642691306489476,-0.669570296444438,-0.372321976737457,0,-0.203315970814334,-0.319491724577221,0.925520223479406,0,-88.6195952050392,-131.296610251785,-104.780651099857,1
-0.733093277449153,0.675184183486554,0.0818575459749302,0,-0.652700960811873,-0.66458189265517,-0.363747756244759,0,-0.191195686933382,-0.320089552208972,0.927893798826636,0,-88.6393432668885,-131.266469752201,-104.872082749276,1
-0.731082687506688,0.676845283106705,0.0860154594397231,0,-0.656491688947175,-0.663489641292674,-0.358887501706657,0,-0.185840952965586,-0.318844869555474,0.929409008292618,0,-88.5842442745683,-131.209654299341,-105.004446181317,1
