-0.348418576905965,0.927058796873773,-0.138442761679621,0,-0.841476774309441,-0.374422936813835,-0.389517951334901,0,-0.412942189473465,-0.0192189162715153,0.910554430223321,0,-127.46119848793,-132.244926950839,-65.5505603470669,1
-0.346061497366838,0.928113722138595,-0.137282037640647,0,-0.843125867788907,-0.371828046880555,-0.388436197765441,0,-0.411558276984449,-0.0186767702340868,0.911192058396749,0,-127.431777028841,-132.243409736196,-65.5418516444336,1
-0.345921499319441,0.927795335914382,-0.139764501605449,0,-0.844427441744479,-0.372786041567007,-0.384672384714527,0,-0.408999500199388,-0.0150454723104802,0.912410562916932,0,-127.459138260728,-132.253731563401,-65.4600547679852,1
-0.34539487548287,0.928020178135187,-0.1395739954261,0,-0.844779557108889,-0.372232892821213,-0.384434839996427,0,-0.408717321220246,-0.0148725668346054,0.912539835614064,0,-127.44077474736,-132.234994368637,-65.530313357556,1
-0.344894568751392,0.928461612274175,-0.137865044556691,0,-0.844688842028348,-0.371057402177369,-0.385768268462288,0,-0.409326874140713,-0.0165963215444568,0.912236847921697,0,-127.422153255164,-132.236393292176,-65.5139518412113,1
-0.344496848133524,0.928618791460447,-0.137800718626126,0,-0.845378758169267,-0.370689940144251,-0.384608494393831,0,-0.408236016113867,-0.0160026205475599,0.912736139553707,0,-127.414353030411,-132.212488197081,-65.5487952825129,1
-0.344997626859224,0.928436528139326,-0.137776801415435,0,-0.844833339154091,-0.371122048546105,-0.385389708751762,0,-0.408941889554647,-0.0165601014780774,0.912410176034403,0,-127.417310013141,-132.222555369297,-65.5164667920599,1
-0.345306398827278,0.928363096196489,-0.137497113144781,0,-0.844784655026249,-0.371289986233493,-0.385334447046322,0,-0.408781581526751,-0.0169029988512661,0.912475702693992,0,-127.398812006778,-132.214932291776,-65.6511962078732,1
-0.345309948056311,0.928460497159661,-0.13682856460407,0,-0.844965821490655,-0.37102345105117,-0.385193817668858,0,-0.408403850941513,-0.017395798835614,0.912635558156984,0,-127.411559444202,-132.211333406223,-65.5139806612503,1
-0.321951837037499,0.939587021939582,-0.116289093286559,0,-0.851889658926417,-0.341089180767595,-0.397419298215565,0,-0.413074967472064,-0.0288843985919752,0.910238838849571,0,-127.189109549029,-132.372797285538,-65.3636699430986,1
-0.220087562741889,0.968475537409943,-0.11669048005626,0,-0.903563485578216,-0.247477655904464,-0.349754051473889,0,-0.36760652884534,0.0284607362570514,0.929545820738546,0,-118.672666375498,-137.149944076824,-61.7404104917257,1
-0.217968270629108,0.969830619900555,-0.109171638161482,0,-0.904141004193332,-0.24277788979531,-0.351550820726351,0,-0.367449209880063,0.0220796282758101,0.929781465247928,0,-118.698671438927,-137.167119673521,-61.8642766915843,1
-0.218435078645579,0.969947635951563,-0.107181130920952,0,-0.903051665815764,-0.242542931596387,-0.354500635811915,0,-0.369843078216563,0.0193547231225407,0.928892623606756,0,-118.752708976761,-137.169630568426,-61.6944833566849,1
-0.21909081872461,0.969947829371324,-0.105831180565586,0,-0.902932301912946,-0.242657609254384,-0.354725789294725,0,-0.369746252432064,0.0178412355262862,0.928961451719057,0,-118.700790853364,-137.171660907715,-61.7677194745504,1
-0.219890665001306,0.969953332300544,-0.104109338554257,0,-0.902425712826481,-0.242785099247047,-0.355926018190226,0,-0.370507822471075,0.0156861259622344,0.928696886817543,0,-118.681084488169,-137.188300110351,-61.7615967125219,1
-0.221268461002766,0.970060279356758,-0.100116626509582,0,-0.900866192975873,-0.242635277495279,-0.359955880943675,0,-0.373470727788346,0.0105447982525908,0.927582030125959,0,-118.695372642327,-137.160489622997,-61.81902402439,1
-0.22127697596354,0.970144133460338,-0.0992829231178905,0,-0.900818652466751,-0.242334936881709,-0.360277306478822,0,-0.373580633735636,0.00971482590347035,0.927546850089283,0,-118.722890010495,-137.171664340129,-61.7016805207863,1
-0.22167178072872,0.970080737503675,-0.099020635488418,0,-0.900532287140486,-0.242608746475394,-0.36080836097828,0,-0.374036512425065,0.00919023688923607,0.927368443466797,0,-118.706922645358,-137.178657547236,-61.7643280092113,1
-0.222305013947402,0.969970959538924,-0.0986753875675233,0,-0.899504576798057,-0.243087442178891,-0.363042725388625,0,-0.376127648214586,0.0080527420941021,0.926532862086492,0,-118.711750091685,-137.182603190617,-61.6558392256741,1
-0.222569338860013,0.969890047633202,-0.0988747226305594,0,-0.900170240347648,-0.243390830190768,-0.361184812179788,0,-0.374374755118161,0.00861541966282345,0.92723746904839,0,-118.687561036921,-137.160027637109,-61.8789798759033,1
-0.196790666298189,0.974038791135139,-0.111901874709808,0,-0.912908253455048,-0.223664810262171,-0.341427460339595,0,-0.35759210101663,0.0349663980468082,0.933223045648498,0,-112.727927671418,-142.743035397748,-64.2928539554496,1
-0.198274402495077,0.974400183980887,-0.105978861675504,0,-0.911532371530573,-0.223057002328293,-0.345476896650801,0,-0.360272079224902,0.0281039371283809,0.932423826757918,0,-112.747896836205,-142.718280185494,-64.3826660787383,1
-0.19837992505571,0.974425476165206,-0.105547748103409,0,-0.910902261995836,-0.22304893721243,-0.347140014453624,0,-0.361804387155581,0.0272780811171433,0.931854866819905,0,-112.736427056514,-142.755978367578,-64.2572336354165,1
-0.198500199109772,0.974510501429214,-0.104532158326792,0,-0.91076253884831,-0.222807587650216,-0.347661320981076,0,-0.36209016601054,0.0261931325217714,0.931774991413665,0,-112.732084867698,-142.732846183568,-64.3208664853389,1
-0.198132930243752,0.974633720554803,-0.104080296252215,0,-0.911168403251564,-0.222279997204946,-0.346935103542742,0,-0.361269616128134,0.0260953988456152,0.932096197984219,0,-112.680294863151,-142.713381902772,-64.5059708939123,1
-0.198531753519983,0.974624854058168,-0.103399709843409,0,-0.910997947707117,-0.222416059583029,-0.347294985257249,0,-0.361480080578423,0.0252478443569103,0.932037926504126,0,-112.737055373253,-142.742159795252,-64.3235084612468,1
-0.199585294920606,0.974689482082926,-0.100728179877602,0,-0.910811720619382,-0.222444545171496,-0.34776495962239,0,-0.361369282272763,0.0223356307378741,0.93215522450581,0,-112.73659661069,-142.719553384542,-64.3254668325578,1
-0.200561862720773,0.974538735891853,-0.100245422014412,0,-0.910596288435854,-0.223184315324804,-0.347855025106893,0,-0.361371402871272,0.0215166582089565,0.932173661939545,0,-112.756735172424,-142.744658556292,-64.3073244585864,1
-0.203812101393571,0.974110291495376,-0.0978251357598363,0,-0.90916507997216,-0.225389458688371,-0.350169166680832,0,-0.363152143345182,0.0175704870991244,0.931564169549778,0,-112.690379380772,-142.696812201414,-64.3049232013746,1
-0.204973741099219,0.973867269674754,-0.0978166578383854,0,-0.907751059637602,-0.226523227555923,-0.353093552861111,0,-0.366024001625567,0.0164182738225248,0.930460554570975,0,-112.656786324727,-142.696428119693,-64.3186191673085,1
-0.18465638334163,0.973748169588936,-0.13310355492059,0,-0.910110364528477,-0.22054010781438,-0.350800833559714,0,-0.37094634065521,0.05636131633165,0.926942407916426,0,-119.153372397416,-139.318082685701,-70.7643689323829,1
-0.182260052966682,0.97432288588879,-0.132197561552056,0,-0.909674765351429,-0.21812109697132,-0.353433193751859,0,-0.373193125727341,0.0558400369975543,0.926071697380867,0,-119.11820429913,-139.326185999667,-70.9364296776939,1
-0.181349516771604,0.974559197449333,-0.131707434366879,0,-0.90943180736604,-0.217159591591211,-0.354648584886938,0,-0.374227570758231,0.0554635820732295,0.925676801661448,0,-119.131543995835,-139.328317350906,-71.0170971311375,1
-0.180494579877945,0.974917888817435,-0.130218479480428,0,-0.910216142704806,-0.215733020180824,-0.353505118387566,0,-0.372730889209723,0.0547212029647909,0.926324607496051,0,-119.130309592098,-139.315629211449,-70.9427531322465,1
-0.180086516461625,0.975090331268113,-0.129489794146909,0,-0.910137318089751,-0.215112316015077,-0.354085689088605,0,-0.373120382571896,0.0540874366363811,0.926205007272756,0,-119.151947866844,-139.326479491083,-70.9128627310056,1
-0.180581502030725,0.975205470899658,-0.127924156219052,0,-0.908869682900252,-0.215166579366045,-0.357294320183854,0,-0.3759603785218,0.0517456469928407,0.925189810565154,0,-119.120988264108,-139.326155049889,-71.0014722183596,1
-0.181265841718825,0.975246189044356,-0.126639242774528,0,-0.909327415099099,-0.215251532803783,-0.356076358029533,0,-0.374521402816075,0.0506120580391582,0.925835909807044,0,-119.187084377213,-139.300959123624,-70.8127639542577,1
-0.181787415395268,0.975053381964887,-0.127374246315087,0,-0.909139126176068,-0.216016145558558,-0.356094130594765,0,-0.374725681301562,0.0510674749091894,0.925728233699632,0,-119.09125755702,-139.3088509916,-71.0710142703031,1
-0.18189657063592,0.975143739101904,-0.126524002549353,0,-0.908018497630655,-0.215952840943082,-0.35898018237257,0,-0.377380495523431,0.0495888678179322,0.924729636631,0,-119.099548304046,-139.349172922042,-71.0435093675151,1
-0.181251461451659,0.975413296829485,-0.125367388588533,0,-0.9083685448805,-0.214899451025849,-0.358726850646614,0,-0.376848322055801,0.0488600140399795,0.92498543386209,0,-119.116253532641,-139.342514615084,-70.955405856577,1
-0.223799756982299,0.968954096751956,-0.105079767838191,0,-0.888600802880811,-0.247144742539657,-0.38640419856937,0,-0.400377841846898,0.00689679877794076,0.916324200768941,0,-129.39792625209,-133.066209262279,-71.8948999384695,1
-0.223709643129917,0.96876104682035,-0.107033186693775,0,-0.889056529340328,-0.247831012242777,-0.384913419195524,0,-0.399415269100471,0.00904970794674522,0.916725453445705,0,-129.374089942583,-133.086574424902,-71.9065985371838,1
-0.223911215265479,0.968790227725249,-0.106345243524194,0,-0.888909359952323,-0.24774457826204,-0.385308721149313,0,-0.399629780849256,0.00825633406682841,0.91663944623394,0,-129.362967133652,-133.049789185557,-71.9042466851975,1
-0.224373423303118,0.968946786533778,-0.103917025111188,0,-0.88854134354643,-0.247205715625994,-0.38650181591234,0,-0.400188574761331,0.00561383012617551,0.916415620627592,0,-129.380543496797,-133.021016229264,-71.7880778512326,1
-0.224724851817219,0.968869911289282,-0.103874072838053,0,-0.887781182028274,-0.24751957395219,-0.388044601006855,0,-0.401675604848115,0.00501417603388233,0.915768287191636,0,-129.353320036422,-133.051361437611,-71.8066898512534,1
-0.226100347753617,0.968601021051914,-0.103395610534033,0,-0.8872242955122,-0.248590187550562,-0.38863341107204,0,-0.402133853563439,0.00386494733657191,0.915572725852911,0,-129.356063793733,-133.045145356191,-71.8021470804511,1
-0.226597719696782,0.968461560006187,-0.103612872589547,0,-0.887264125504088,-0.249131312408218,-0.388195716181395,0,-0.401765840429165,0.00396772127654389,0.91573383535796,0,-129.315302636306,-133.02118789288,-71.9173593825219,1
-0.228042661464754,0.968355868070288,-0.101407329608843,0,-0.885551397659931,-0.249573030460261,-0.391806112007259,0,-0.404716282053314,0.000452902811020006,0.914442199688482,0,-129.354755071308,-133.068771591947,-71.7222612078244,1
-0.228869851034009,0.968398979671429,-0.0991063127777241,0,-0.88499957777801,-0.249395865334902,-0.393163436073458,0,-0.405455774544451,-0.00227421848560478,0.914111833552305,0,-129.396113591702,-133.04563696174,-71.6145166973768,1
-0.230297037131918,0.968293022028093,-0.0968083416842468,0,-0.88341697393831,-0.249750058947602,-0.396483692319126,0,-0.408090282179799,-0.00578688816649402,0.912923229917319,0,-129.392304168119,-133.005256859484,-71.7809766076828,1
-0.239111474851422,0.961274382098356,-0.13703020794782,0,-0.872735282607393,-0.2746250469512,-0.403626339934207,0,-0.425627587589915,0.0230794082119043,0.904604057535293,0,-128.379953584582,-145.023271287841,-85.5688343631725,1
-0.234822980833855,0.962637648590452,-0.134858426415073,0,-0.872789937347261,-0.269880940754601,-0.406696312367343,0,-0.427896902408709,0.0222014391709734,0.903554819488386,0,-128.384268971036,-145.036778359047,-85.7768291706179,1
-0.234671926977194,0.962844317613369,-0.133641066933811,0,-0.872439619411003,-0.269248784430899,-0.407865454612692,0,-0.428693629668261,0.0208791903264239,0.903208635206026,0,-128.365415390505,-145.028802979025,-85.7200224951675,1
-0.235421288970458,0.962759424305529,-0.132933366513754,0,-0.871314962692576,-0.269669595329908,-0.409986189792094,0,-0.430566154206838,0.0193073404707064,0.902352498493983,0,-128.369455094051,-145.026620759907,-85.7061770137316,1
-0.235902362608465,0.962752867189189,-0.132124950964234,0,-0.87190019368039,-0.26972949438563,-0.408700462187716,0,-0.429115537505438,0.0187863694825366,0.903054226237634,0,-128.404016905344,-144.99720659139,-85.5551366383609,1
-0.236392483802248,0.962674147574719,-0.131822064326334,0,-0.871314966191647,-0.270063661329031,-0.409726527812674,0,-0.430033485589375,0.018002265390253,0.902633432805489,0,-128.39186648099,-145.020547260426,-85.7349270884829,1
-0.236725426978474,0.96280610749593,-0.130251585034489,0,-0.871391582867648,-0.269689745543495,-0.409809906664022,0,-0.429694997500659,0.0164877132114266,0.902823554345931,0,-128.400621944502,-144.984987192589,-85.8187553067651,1
-0.237685636291086,0.9630899254266,-0.126345682039544,0,-0.869852947639298,-0.268929403753225,-0.413561040784222,0,-0.432274542212419,0.0116046447124562,0.901667360892384,0,-128.398098139431,-145.02414344204,-85.6470944608245,1
-0.238233084661594,0.963167886734277,-0.124710372807547,0,-0.868639172906849,-0.268744472139002,-0.416224022637308,0,-0.434408835303197,0.00916997633309664,0.900669128780434,0,-128.344585963103,-145.035895094999,-85.7577622845251,1
-0.239592097796473,0.963202262259327,-0.121807212717545,0,-0.867099299718731,-0.268728657934528,-0.419432565920407,0,-0.436731485874221,0.00512621590213995,0.899577299302637,0,-128.368259339032,-145.047954644926,-85.852737118295,1
-0.249888081303099,0.962367456814184,-0.106793202333927,0,-0.859508150818999,-0.271252267829202,-0.43320653896777,0,-0.44587177406348,-0.0164635280708347,0.894945415885104,0,-120.833679654701,-145.90383920875,-83.7225465855029,1
-0.251717239580572,0.962226160125305,-0.103727183878245,0,-0.860478582186904,-0.271569828297006,-0.431075977136668,0,-0.442961754948483,-0.0192542406778822,0.896333736992422,0,-120.822729431785,-145.897646729618,-83.7602887645653,1
-0.252513791181033,0.961969467752712,-0.104170787400404,0,-0.859685260053648,-0.272456058279529,-0.432098340702797,0,-0.444047372605831,-0.0195566968332991,0.89578986166667,0,-120.759075310676,-145.904724614476,-83.8468361151201,1
-0.252701879755556,0.96202211728058,-0.103223653568755,0,-0.859872892899869,-0.272209684977251,-0.431880117841137,0,-0.443576704409398,-0.0203776884119933,0.896004714773273,0,-120.795957047815,-145.909837828638,-83.6215138375744,1
-0.252495436053011,0.962018578472476,-0.103760918794219,0,-0.861299780724539,-0.272326213353,-0.428953529537525,0,-0.440918082699175,-0.018939556133625,0.897347500018032,0,-120.861318246452,-145.918995007659,-83.5193691357772,1
-0.252157812197458,0.962101496959102,-0.103813036461478,0,-0.861219528981058,-0.272039684355904,-0.429296327891404,0,-0.441267905324645,-0.0188446056047704,0.897177530074063,0,-120.840450320139,-145.935512628742,-83.6271329735071,1
-0.252263944166754,0.962296200159112,-0.101730108686019,0,-0.860733171952711,-0.271183042092894,-0.430811133651807,0,-0.442155396350139,-0.0211156419613502,0.896689883951835,0,-120.85191376905,-145.919997607805,-83.6449109217967,1
-0.25262447704369,0.962296295646465,-0.100831296149126,0,-0.860156840841338,-0.271079114965393,-0.432026073762296,0,-0.443070346312078,-0.0224096314553234,0.896206746036605,0,-120.864866618748,-145.907715376329,-83.60741566911,1
-0.253630533627703,0.962110421722778,-0.100075804355654,0,-0.859185477711576,-0.271602166545127,-0.433627306762333,0,-0.444378155422851,-0.0239974498418106,0.895517834491332,0,-120.819483232665,-145.93859557513,-83.6501070564161,1
-0.253774128283472,0.962071044903036,-0.100090122577442,0,-0.859114620607413,-0.271735214894068,-0.43368432260571,0,-0.444433139845756,-0.0240689620653138,0.895488634009862,0,-120.818231619135,-145.898876776918,-83.7952369686884,1
-0.228324041088222,0.965819882747235,-0.122719022080562,0,-0.878371051047498,-0.258717867395209,-0.401907028180938,0,-0.419919403585996,0.0160278067556446,0.907419851849054,0,-112.791465587702,-147.270409072483,-86.1397582278178,1
-0.222810145308721,0.967679552752151,-0.118118711855393,0,-0.880151288255419,-0.251777537391451,-0.402420022990918,0,-0.419153264971767,0.0142990708991491,0.907802895508067,0,-112.818225885341,-147.320275315948,-86.1655717630438,1
-0.221989032480058,0.967880025347644,-0.118021598296891,0,-0.88072156434719,-0.25097779054334,-0.401671090819858,0,-0.418390225179508,0.0147775991570624,0.90814715219521,0,-112.783721635653,-147.247147849588,-86.2388230223482,1
-0.222060461303774,0.967827338873595,-0.118319397681246,0,-0.882292399149294,-0.251107231202432,-0.398127306524159,0,-0.415029347121165,0.0159839683463092,0.909667613084588,0,-112.815309613231,-147.285504641206,-86.2540377452099,1
-0.222670879108629,0.967799336293227,-0.117397122573384,0,-0.882579943303199,-0.251268020311117,-0.397387697603241,0,-0.414089693439109,0.0151256732543127,0.910110391577307,0,-112.839380545526,-147.298496017632,-86.1176663771332,1
-0.22369276893382,0.967694274899164,-0.116315781150095,0,-0.881756390439349,-0.251773816414533,-0.398892999418131,0,-0.415291740127526,0.0133326971523467,0.909590570099558,0,-112.804779014874,-147.281135942437,-86.2545506756685,1
-0.224699066976126,0.967182574874896,-0.118609927344012,0,-0.882752564854313,-0.253589098085443,-0.395525707315444,0,-0.412623754991002,0.0158289601273277,0.910764022645946,0,-112.824556206291,-147.30278998342,-86.2952375642299,1
-0.226043508716858,0.966504509778829,-0.121546072394016,0,-0.885092461763469,-0.255892303220246,-0.388755108883416,0,-0.406836269429212,0.0197039413964361,0.913288573168067,0,-112.848199410358,-147.30926312737,-86.2377048186274,1
-0.226059027577368,0.966270628397798,-0.123362606546759,0,-0.88333742113455,-0.256726186606713,-0.392181864224157,0,-0.410624228717793,0.0203145556486354,0.911578329044656,0,-112.911753079337,-147.33661130244,-86.1395637819596,1
-0.225428960720801,0.966255974122185,-0.124624260564636,0,-0.877611523432268,-0.256944153556681,-0.404694626281271,0,-0.42306007519266,0.0181417967966313,0.905920003301821,0,-112.902777956436,-147.332844040474,-86.2080312341091,1
-0.204085784028685,0.97112279067678,-0.123569642336773,0,-0.871930443771502,-0.237707719236258,-0.428056415153837,0,-0.445068798771096,0.0203839078291747,0.895264347883084,0,-115.845252604634,-148.176506700651,-93.5310280739641,1
-0.203324473799103,0.971263545244937,-0.123718563829313,0,-0.873389269962123,-0.237028958439681,-0.425450890125183,0,-0.442549821984486,0.0215498903207962,0.896484947653419,0,-115.852106728778,-148.235063482436,-93.5221871667941,1
-0.20242159732522,0.971801556468822,-0.120942832965901,0,-0.872534506931301,-0.235046967008466,-0.428294764292485,0,-0.444644765347361,0.0188306863477681,0.895509031560496,0,-115.861569689465,-148.23250076627,-93.5028778023297,1
-0.201585760524026,0.972092090425991,-0.120000732834207,0,-0.872763928342834,-0.233880136462086,-0.428466124604499,0,-0.444574318635425,0.0183596357171212,0.895553792681718,0,-115.828609463315,-148.190357717474,-93.7758816391106,1
-0.201362252091843,0.972519066689494,-0.116875549712749,0,-0.874737944935086,-0.232231334922123,-0.425325907767117,0,-0.440779719745711,0.0165908984263871,0.897461967121341,0,-115.90160684361,-148.176205770414,-93.5224147351705,1
-0.201207633214352,0.972635899764871,-0.116167093994135,0,-0.873200221406365,-0.231837895629404,-0.428686920489495,0,-0.44388822449228,0.015182052094473,0.895953529207465,0,-115.80485149762,-148.199256277899,-93.6602120358416,1
-0.200754782514348,0.972954798034829,-0.114264935660108,0,-0.873486594440582,-0.230587197792295,-0.428778164740114,0,-0.443529803906507,0.0137296240777583,0.896154458168884,0,-115.863875994854,-148.208503043693,-93.6112597272129,1
-0.199841246073619,0.97298588450323,-0.115594148443077,0,-0.873479030660491,-0.230360251058595,-0.428915588015318,0,-0.443957109427662,0.0152540336148353,0.895918190759276,0,-115.784661017622,-148.255804278657,-93.6738164915134,1
-0.199236469975171,0.973280403211176,-0.114149797411494,0,-0.87362518273667,-0.229180396477567,-0.429249894874497,0,-0.44394140521009,0.0142019073625652,0.895943280690922,0,-115.880670756135,-148.185369474717,-93.6008521409483,1
-0.199056679840018,0.973298067990938,-0.114313193530341,0,-0.87302478986542,-0.229111701506235,-0.430506325107369,0,-0.445201463059125,0.0141030810594933,0.895319377744999,0,-115.83669061995,-148.210455667707,-93.7244550523337,1
-0.21042857503002,0.971862049974699,-0.105849251206916,0,-0.867357246942002,-0.235550528127089,-0.438414691615008,0,-0.451011446703896,-0.000445860621363578,0.89251806932294,0,-123.258348416183,-146.262343630057,-92.7014965550702,1
-0.209161606944748,0.971925320073697,-0.107762121504317,0,-0.869133420086734,-0.235274597607943,-0.435032200349654,0,-0.448172499799299,0.00266761848318495,0.893943118335791,0,-123.289203970434,-146.265658601241,-92.5882522622414,1
-0.208273199619202,0.972113085942505,-0.107789232977271,0,-0.868920492649297,-0.234495114747652,-0.435877631320666,0,-0.4489983964759,0.0028786481923801,0.893527941820383,0,-123.220288708714,-146.272629128212,-92.8423362327853,1
-0.208139500544826,0.972183264860329,-0.107412866956643,0,-0.8690244896113,-0.234206421949394,-0.435825299265606,0,-0.448858846821181,0.00263195743821136,0.893598784894594,0,-123.249533814326,-146.280010444408,-92.7551937048147,1
-0.20812293565948,0.972207889371326,-0.107223074468564,0,-0.868692265033989,-0.234108310360903,-0.436539970531243,0,-0.449509414949336,0.0022898701124831,0.893272670359031,0,-123.296330805685,-146.254770963783,-92.5659651472358,1
-0.20845221243172,0.97187426991217,-0.10958100922073,0,-0.869179865583157,-0.235455184299963,-0.434841512431168,0,-0.448412695298498,0.00460192845474342,0.893814775121596,0,-123.27596039761,-146.260784434631,-92.6920000256134,1
-0.208749638925824,0.971849158662197,-0.109238355031261,0,-0.869337454023277,-0.235565696103259,-0.434466787417388,0,-0.447968988145396,0.00427021172689143,0.894038930122649,0,-123.266937535939,-146.253406806399,-92.6602570057566,1
-0.208929405879642,0.971674466989152,-0.11044125548447,0,-0.868314710876657,-0.236275118005082,-0.436123451172777,0,-0.449864542155833,0.00477875363468134,0.893084020031033,0,-123.204187614833,-146.260538361326,-92.8750606450317,1
-0.209084846859839,0.971523449988076,-0.111470397903692,0,-0.868747319807327,-0.236869803969799,-0.43493763537826,0,-0.448956083789494,0.00590074658225112,0.893534336819315,0,-123.247166415745,-146.303126747956,-92.7610307953898,1
-0.209664899648395,0.971504436070881,-0.110542689872767,0,-0.868578049692977,-0.236973317768965,-0.435219213447691,0,-0.44901306514262,0.00476476660383476,0.893512482040942,0,-123.222821591677,-146.292288056912,-92.6896163096715,1
-0.225869253544649,0.966297602127133,-0.123499235260473,0,-0.864239811464703,-0.257267277871743,-0.432322922112833,0,-0.449524915357264,0.00908448950159618,0.893221593207332,0,-128.645310606893,-140.90502094989,-99.8304981098527,1
-0.222762556194108,0.966602759099685,-0.126712897977179,0,-0.866358176108604,-0.255883951194827,-0.428890541831031,0,-0.44699057538886,0.0142380016851684,0.894425376423837,0,-128.659438932868,-140.871584315681,-99.7611347364809,1
-0.221924110044588,0.966649572573095,-0.127821344135147,0,-0.867317096501431,-0.255597821057522,-0.427119191558763,0,-0.445545441286356,0.016073586894123,0.89511501739,0,-128.600060277941,-140.915355562386,-99.9512564235945,1
-0.222021065932276,0.96671086288586,-0.12718819229737,0,-0.866738948958911,-0.255423937593136,-0.428395011893252,0,-0.446621019066275,0.0151262471392675,0.894595376740913,0,-128.603531670464,-140.918025324281,-99.8818636900398,1
-0.220506421180087,0.967155970600714,-0.12643685962909,0,-0.867713628115269,-0.253713229048766,-0.427437353582568,0,-0.445477291808559,0.0154583081720477,0.895159782256447,0,-128.561078577821,-140.870301915819,-99.8170280837758,1
-0.219983359959762,0.967260870136446,-0.126545285058455,0,-0.868178618851725,-0.25328014238525,-0.426749379173889,0,-0.444829384117307,0.015986146318962,0.895472642624062,0,-128.557875848666,-140.91183742643,-99.879131241247,1
-0.219227734092374,0.967643639685002,-0.12491999000798,0,-0.86908684561701,-0.251860632161283,-0.42573968992501,0,-0.443426730914671,0.0152323681836443,0.896181179357367,0,-128.593816461341,-140.875096949174,-99.8041436619471,1
-0.218866556138671,0.967690805055653,-0.125188017918455,0,-0.869349998263027,-0.251648158728001,-0.425327972696637,0,-0.443089300758217,0.0157421393934115,0.89633927083113,0,-128.596819242392,-140.921264514107,-99.7404455177116,1
-0.218918441960487,0.967736222818679,-0.124745756163583,0,-0.869764179035969,-0.251485456430224,-0.424576848422304,0,-0.442250136626227,0.0155516878423012,0.896756937106263,0,-128.572700066831,-140.932177544267,-99.9131442098578,1
-0.219625088841398,0.967898937342069,-0.122215047761288,0,-0.869740876276727,-0.251004686049538,-0.424908799123563,0,-0.441945324719819,0.0129747830596204,0.896948151036629,0,-128.607792436665,-140.877234562513,-99.6762935226379,1
-0.1752085314217,0.977970978385639,-0.113467334707488,0,-0.880458477958785,-0.207216068552363,-0.426443979408052,0,-0.440562089095162,0.0251866579531245,0.897368770630804,0,-122.995868867071,-143.68490494036,-104.739679827468,1
-0.169342004482191,0.979549015284968,-0.108659815647646,0,-0.881327768396566,-0.199856566045796,-0.42815730353154,0,-0.441117443101849,0.0232599010029767,0.897147910354388,0,-123.127542960239,-143.756569717887,-104.733411737638,1
-0.166297828911947,0.980383537274379,-0.105797630535157,0,-0.880789276127871,-0.195923215535549,-0.431073463764013,0,-0.44334553942568,0.0214988365051348,0.896092923662163,0,-123.113374562076,-143.789466297194,-104.626683202926,1
-0.165247203549494,0.980749666403731,-0.104035898057111,0,-0.880856843396057,-0.194211068597822,-0.431709738438965,0,-0.443604104612927,0.0203019071643689,0.895992877992146,0,-123.097212446917,-143.70918494764,-104.633393764992,1
-0.165113315830189,0.980974095284254,-0.102114264772062,0,-0.88103825227734,-0.193238166409641,-0.431776023735415,0,-0.443293468453914,0.0186746063450226,0.896181982062695,0,-123.122770833955,-143.706674692491,-104.656829975729,1
-0.165825847288385,0.980848939327455,-0.102162090769541,0,-0.880592525579045,-0.193911757506399,-0.432382899774828,0,-0.443912740283605,0.0182629062231719,0.895883875578657,0,-123.116674741902,-143.735402326165,-104.583571742235,1
-0.167467561283748,0.980531080226262,-0.102535996995159,0,-0.879602977355972,-0.195576919766214,-0.433645524209214,0,-0.445256586632531,0.0175694014856585,0.895230653941857,0,-123.091133146172,-143.710522519962,-104.732857054696,1
-0.168358194361105,0.980501283648943,-0.101354550432012,0,-0.877927827500227,-0.195905970541529,-0.436879370986215,0,-0.448216745437216,0.0154297626525326,0.893791742564544,0,-123.032980981453,-143.683226129755,-104.69187941103,1
-0.169744591452093,0.980603390638629,-0.0979993323091819,0,-0.876817694242657,-0.195672473864052,-0.439207348499958,0,-0.449863985897295,0.0113744716537166,0.893024653410898,0,-123.080316204869,-143.705377298934,-104.609348712585,1
-0.170385358988992,0.98062906346804,-0.0966198768998725,0,-0.876353280770105,-0.19563462405094,-0.440149925637092,0,-0.450526003568268,0.0096780412236503,0.892710834888179,0,-123.076278036051,-143.742462901029,-104.744517120358,1
-0.162851805658488,0.98176032711934,-0.0981121255657161,0,-0.881553655867968,-0.189442229299819,-0.432405876368954,0,-0.443105513609195,0.016073031121382,0.896325378149666,0,-112.906208760453,-151.355350609046,-113.61637988814,1
-0.163678285538317,0.981533287328059,-0.0990044975507239,0,-0.884704120714105,-0.190447663943062,-0.4254742646831,0,-0.436472328551557,0.0179487821632782,0.899538631652142,0,-112.886684704815,-151.40548084396,-113.656387402766,1
-0.165090392611147,0.981375279293867,-0.0982235181425516,0,-0.884113124272295,-0.191393721409708,-0.426277547265078,0,-0.437137610009222,0.0164663737196858,0.899243905031152,0,-112.895914673845,-151.395231156534,-113.528517729813,1
-0.165902983989991,0.981299966032668,-0.0976049676971662,0,-0.883833600376431,-0.191861300599198,-0.426646848068135,0,-0.437395151985263,0.0154845597900278,0.899136105370926,0,-112.935244311625,-151.417821436468,-113.424695810313,1
-0.166434628088875,0.981291769239677,-0.0967771638178061,0,-0.883283495152995,-0.191994788779884,-0.42772435577911,0,-0.438303102958682,0.014293525987274,0.898713549487038,0,-112.861991363153,-151.377911604613,-113.568471450998,1
-0.166652223217515,0.98128816621939,-0.0964396815871027,0,-0.883019140751225,-0.192050538269853,-0.428245052756593,0,-0.438753094738635,0.0137900951956032,0.898501845340291,0,-112.863108070519,-151.433903205232,-113.486849130337,1
-0.167701424300457,0.981447846246585,-0.0929322518540751,0,-0.882159851885198,-0.191477541845332,-0.430267807474943,0,-0.440079851575838,0.009824576837665,0.897904901393246,0,-112.867148801296,-151.398892434773,-113.493920770586,1
-0.168227545076116,0.981383979046276,-0.0926555186553382,0,-0.882598917138943,-0.191817441106724,-0.429214723397411,0,-0.438997396816425,0.00957192090894134,0.898437354116768,0,-112.876862795283,-151.406699922694,-113.458986366392,1
-0.169215211543898,0.98121623607557,-0.0926327710158617,0,-0.882696611723326,-0.192689627075207,-0.428622595499734,0,-0.438420824913358,0.00923717032129719,0.898722335634554,0,-112.874576988695,-151.440264888431,-113.456329100586,1
-0.169855968814761,0.981149147776868,-0.0921706177904537,0,-0.882294722688763,-0.193069446036687,-0.429278823080699,0,-0.438981880287637,0.00840607374704317,0.898456601669499,0,-112.851475505553,-151.415329262509,-113.61023601582,1
-0.171399960916347,0.979958363224608,-0.10150765261901,0,-0.886649291996596,-0.198351144578032,-0.417743924417427,0,-0.429505809656569,0.0184003968387175,0.902876635823679,0,-117.900149011408,-148.295684914154,-112.572419717753,1
-0.168579960524484,0.980853569324141,-0.0975047723519266,0,-0.886731373761767,-0.194110543880715,-0.419557686808979,0,-0.430451357981804,0.0157315171569025,0.902476682449164,0,-117.918377088803,-148.324693119061,-112.543516681684,1
-0.168119648095919,0.981020773094839,-0.0966127526372428,0,-0.885907596974108,-0.193344416889825,-0.421646363032056,0,-0.432323377587438,0.0147029295496013,0.90159875380101,0,-117.880283888071,-148.386069393247,-112.58943169945,1
-0.166953598895887,0.981498640989996,-0.0937386364003497,0,-0.886562518351376,-0.191043198238313,-0.421318649915907,0,-0.431431811192094,0.0127644924964855,0.902055239967607,0,-117.939737204462,-148.286887597555,-112.511531622569,1
-0.166433052369102,0.981610101393955,-0.0934969612280412,0,-0.885390821080069,-0.190506003702171,-0.424017201915478,0,-0.43403130057308,0.0122108745477703,0.900815038470339,0,-117.916071903006,-148.313764109384,-112.514236720926,1
-0.164364273086926,0.981861192665042,-0.0945145030876745,0,-0.88688177287071,-0.189043172685764,-0.421548815936693,0,-0.431769744668508,0.0145356244362282,0.901866732412153,0,-117.919480247754,-148.338530117586,-112.543170142264,1
-0.163598217577975,0.981895853107566,-0.0954785561737849,0,-0.887024243272297,-0.188765160102698,-0.42137360032576,0,-0.431768015579107,0.0157558271831507,0.901847071523381,0,-117.889862823105,-148.375091882391,-112.565022300205,1
-0.163423975778318,0.982091411567782,-0.0937507464930734,0,-0.887220880978551,-0.187860673688954,-0.421363972525934,0,-0.431430015311015,0.0143166432683722,0.902032818809471,0,-117.97580517129,-148.344157004243,-112.347642439456,1
-0.163017935886252,0.982156902198841,-0.0937704512828399,0,-0.887275018695439,-0.187503090421921,-0.421409021508907,0,-0.431472029475399,0.0145029489369213,0.90200971860397,0,-117.953383371632,-148.322182034913,-112.568540396144,1
-0.161923583408807,0.982409802442326,-0.0930151157343743,0,-0.887396409200172,-0.186193240964825,-0.421734210198169,0,-0.431634607375663,0.0142525579972409,0.90193593677146,0,-117.940350063082,-148.312896391099,-112.478245494408,1
-0.163048935681483,0.981674757721308,-0.0986402744250397,0,-0.886075425639334,-0.189670363666656,-0.422960583817208,0,-0.433918863184847,0.0184394473862287,0.900763257493479,0,-126.611884698711,-143.817735853126,-114.518705744981,1
-0.158106355750939,0.982245630979586,-0.10097523763744,0,-0.888461557853535,-0.18613636757201,-0.419510886923879,0,-0.430857899016681,0.0233852721376708,0.902116737378537,0,-126.740417977046,-143.815743457551,-114.423022416639,1
-0.154165871907251,0.982843235599923,-0.101253009405349,0,-0.88833137696149,-0.182741056026016,-0.421275637463917,0,-0.432550991333667,0.0249998948826232,0.90126281558663,0,-126.724965192677,-143.746512074555,-114.485694321699,1
-0.152432549338358,0.983192147368163,-0.100486712996645,0,-0.888791985407561,-0.180837824998664,-0.421125324713927,0,-0.432218910245978,0.0251185772263761,0.901418816480297,0,-126.826767254255,-143.741684261397,-114.24188157599,1
-0.147191195674845,0.983806833272568,-0.102269493392799,0,-0.890133205822794,-0.176835543075148,-0.419990729392596,0,-0.431274629134422,0.0292145268968778,0.901747599265075,0,-126.773196791642,-143.713300690777,-114.566615365752,1
-0.145427856985719,0.984097598640721,-0.101993269776142,0,-0.890603253597812,-0.175111456285955,-0.419716343599616,0,-0.430902035834806,0.0297970943444776,0.901906631939265,0,-126.888269644347,-143.743314885936,-114.310817480458,1
-0.142392516069734,0.984653874250308,-0.100902037101353,0,-0.890124305024677,-0.171969318255627,-0.422025305832207,0,-0.43290090586905,0.0297221072995027,0.900951396765815,0,-126.840404182133,-143.735355399738,-114.408108736519,1
-0.141122084866172,0.98489782800541,-0.10030458329951,0,-0.890190055249675,-0.170575431508345,-0.422452187381347,0,-0.433181737095367,0.0296728082848537,0.90081804476803,0,-126.880410793468,-143.71640488455,-114.411001287118,1
-0.139095733963629,0.985155186697759,-0.100606715956584,0,-0.890369251512671,-0.16888546213615,-0.422753311625526,0,-0.433468628477145,0.0307739431122122,0.900643063933986,0,-126.920065718473,-143.725166815378,-114.407739273235,1
-0.138147372848751,0.985311410248177,-0.10038293298494,0,-0.890510027553739,-0.167933831557874,-0.422835819904185,0,-0.43348264828872,0.0309783536187259,0.900629303926467,0,-126.900389683911,-143.72863060214,-114.331744875307,1
-0.622925294218069,0.720037954763374,-0.305793339744389,0,-0.72363104751987,-0.678878058454759,-0.124430069458645,0,-0.297190747136465,0.143770928700754,0.943931988710766,0,-100.023320241534,-133.901313779566,-70.0453500080919,1
-0.62139872815635,0.721755705451737,-0.304848084554638,0,-0.726069046471485,-0.676691229499274,-0.122117787050729,0,-0.294427232297661,0.145456922018492,0.94453951358083,0,-99.9334873846221,-133.922162673213,-70.1859612771543,1
-0.623012761532764,0.721630402460528,-0.301835600730071,0,-0.725404918743271,-0.677386996847312,-0.122207337629528,0,-0.292648043550008,0.142816292528759,0.945494915360905,0,-99.9871263092735,-133.849284155158,-70.0618167009029,1
-0.623450829652703,0.721398341196955,-0.301485460499081,0,-0.724581344568254,-0.677967063735637,-0.123864931662354,0,-0.293753167552421,0.141227047978081,0.945390922626609,0,-99.9988645322561,-133.883976329718,-70.04788461813,1
-0.623283325379076,0.721529286726035,-0.301518572229669,0,-0.724849361385713,-0.677751224440963,-0.12347773136711,0,-0.293447390030143,0.141593918710915,0.945431009836139,0,-99.9704202276803,-133.899599501938,-70.0878276724111,1
-0.623055242762059,0.722294614319051,-0.300154478264743,0,-0.724733851305791,-0.677444145412338,-0.125818655016244,0,-0.294216024849097,0.139140143683324,0.945556428089172,0,-99.9319172594572,-133.861904084441,-70.0656023166623,1
-0.622643595635655,0.724365449358003,-0.295988982739719,0,-0.724545709880584,-0.676554753165192,-0.131556072859339,0,-0.295547430209486,0.132545005181532,0.946088537543353,0,-99.944044140962,-133.889260948287,-70.1039219491856,1
-0.622065835605287,0.725443644438214,-0.294559729362601,0,-0.725045794019262,-0.675733553108077,-0.133013425269864,0,-0.29553764338601,0.130826184403697,0.946330804347367,0,-99.9792972419415,-133.842276956687,-70.0743033327112,1
-0.620975362494828,0.726090717793261,-0.29526604009204,0,-0.725732467770533,-0.674918795730653,-0.133406067437417,0,-0.296145509816994,0.131442259673812,0.946055381086547,0,-99.9936646660941,-133.889980126391,-70.1495906438465,1
-0.620254517376544,0.72678063555658,-0.295083407193009,0,-0.726340706654044,-0.67419181677391,-0.133770499618684,0,-0.296164625337046,0.131359337447659,0.946060905845331,0,-99.9718894401279,-133.881272236377,-70.2179968714709,1
-0.627729753659011,0.722111399362958,-0.290706597065393,0,-0.715989914795058,-0.682153732475781,-0.148406745572786,0,-0.305472795853665,0.114983665106779,0.945232834478846,0,-100.764033856622,-141.336151135426,-71.0788473606581,1
-0.628245777175768,0.721319668890351,-0.291556408527282,0,-0.713943809674477,-0.683418435162568,-0.152392378809052,0,-0.309178649961162,0.112415018219433,0.944336497237385,0,-100.762302411432,-141.347180786917,-71.0058800593126,1
-0.627739136260115,0.721709833895179,-0.291682070805001,0,-0.714664741290629,-0.682855156746482,-0.151535728670555,0,-0.308541435819651,0.113329980928103,0.944435540432183,0,-100.82013088265,-141.372134076148,-70.8832412447234,1
-0.626755510557573,0.722876823536888,-0.290906428617023,0,-0.715520323449332,-0.681745027335028,-0.152493611358712,0,-0.308558118989496,0.112573237955795,0.944520588063141,0,-100.82635827336,-141.34592408468,-70.8797137221895,1
-0.626114073753732,0.723612646969059,-0.290458311193563,0,-0.715924002064285,-0.681088430882579,-0.153530147526842,0,-0.308924143290305,0.111818697789195,0.944490586803092,0,-100.814708667899,-141.338379181777,-70.9315126892445,1
-0.624566286731394,0.724574538942508,-0.291390874160867,0,-0.718067006771646,-0.679497694464929,-0.150541040686767,0,-0.307077635295129,0.115215311874229,0.944684472068988,0,-100.808896342873,-141.377903837517,-70.9259118186062,1
-0.624149386982326,0.72468651915858,-0.292004888691722,0,-0.719050721275165,-0.678985591931144,-0.148136701731637,0,-0.305619790112968,0.117506890055597,0.944874943319768,0,-100.752161963971,-141.380886535413,-70.9895252118508,1
-0.625111692073135,0.724548901157099,-0.290283206440976,0,-0.71888266629228,-0.67930760165664,-0.147475340613507,0,-0.304044680836346,0.116491007912939,0.945508691752074,0,-100.815792908561,-141.387290404137,-70.9418941450165,1
-0.625141531478424,0.72450590930497,-0.290325998154548,0,-0.71912293355117,-0.679242692410365,-0.146599793172751,0,-0.30341423696594,0.117134455590233,0.945631699138886,0,-100.796713820681,-141.350978201892,-71.0546367211714,1
-0.625558861259242,0.724109565010882,-0.290416194807517,0,-0.718667765768251,-0.679699771344404,-0.146713957949902,0,-0.303632803368126,0.116934532728527,0.945586297577267,0,-100.793007368963,-141.354721774095,-70.988823456946,1
-0.62585718633767,0.713607431694273,-0.314749458767322,0,-0.709469601740444,-0.688521693722482,-0.150302257006266,0,-0.323968629051726,0.129237438150981,0.937199026988249,0,-99.4115515662946,-143.701291194299,-79.7188145861062,1
-0.625141889853779,0.71262661025657,-0.318372270227887,0,-0.713675463631344,-0.687046993926895,-0.136505419454412,0,-0.316014111692863,0.141879214957585,0.938086011017109,0,-99.4584139838953,-143.687818132854,-79.6968279012337,1
-0.624669049437311,0.712600767556029,-0.319356547718141,0,-0.713865881471687,-0.686881237937788,-0.136343463982993,0,-0.316518485281931,0.142808197358548,0.937774946929622,0,-99.4767218779841,-143.695488885833,-79.7076227505049,1
-0.624788827825081,0.712660891600315,-0.318988063615433,0,-0.713658954966449,-0.686971735061412,-0.136969858868374,0,-0.316748839560853,0.142071457600236,0.93780908335866,0,-99.4643487748123,-143.678483505716,-79.6676012100143,1
-0.62482860197715,0.713047807550388,-0.31804439323864,0,-0.713326455248958,-0.68696003976849,-0.138749698593345,0,-0.317418964390074,0.140174680949041,0.937867943214717,0,-99.4620461857153,-143.664739536346,-79.6965606562474,1
-0.625367916053349,0.713785283157804,-0.315318171129796,0,-0.712902042038386,-0.686923000791367,-0.141093869423078,0,-0.31731003659908,0.136555382036868,0.938438579568418,0,-99.4973690663498,-143.690529597022,-79.6606186612723,1
-0.625496215294071,0.714162878112178,-0.314206858807843,0,-0.712084112816538,-0.687123846091608,-0.144212078193826,0,-0.318889933718854,0.133537605410007,0.938337321475061,0,-99.4416196028855,-143.674574433106,-79.851846586005,1
-0.626353107084251,0.714145557640946,-0.312534771435072,0,-0.711218821784287,-0.687654848137875,-0.145940664321132,0,-0.31913892746676,0.130870220342339,0.938628434952245,0,-99.4482742965204,-143.668496117642,-79.7782804928186,1
-0.627020717643024,0.714093583754965,-0.311312307024934,0,-0.710610623376155,-0.688054491812834,-0.14701542735952,0,-0.319182611371989,0.129040105094226,0.938866927186896,0,-99.4815496086227,-143.656010731225,-79.7090366295809,1
-0.627731340447833,0.713904966432664,-0.310311123608459,0,-0.70889291152224,-0.688961548917979,-0.151005796589102,0,-0.321596219641529,0.12518628944673,0.938564998871715,0,-99.4190276975767,-143.639371088385,-79.782884373757,1
-0.65065584785652,0.682373001329598,-0.333187505704179,0,-0.693681379622449,-0.712615383509868,-0.104810816348845,0,-0.308954620995844,0.162930196055562,0.937016955687776,0,-95.3517234443059,-132.611424585306,-78.1635777482334,1
-0.649900584364822,0.682833113571047,-0.333718862911566,0,-0.694451070332612,-0.711938671392866,-0.104312782482117,0,-0.30881557618236,0.163958489098359,0.936883434059601,0,-95.3951628263491,-132.586379443781,-78.1210663619345,1
-0.649565724445704,0.683606552644585,-0.332785755949217,0,-0.693827854380867,-0.711962368413966,-0.10822382646669,0,-0.310913459254716,0.160597534583957,0.936771711889072,0,-95.352185082555,-132.565773325249,-78.0885793112989,1
-0.649367364240853,0.683618523632353,-0.333148340288847,0,-0.694225543554964,-0.711719085747602,-0.107270325822057,0,-0.3104400229315,0.161622225259109,0.936752504541053,0,-95.3143721768308,-132.616201608349,-78.1713435188431,1
-0.649433841658849,0.684280678236351,-0.331655903880694,0,-0.693893099118634,-0.711685673449039,-0.109616914577295,0,-0.311043486940076,0.158944814798968,0.937010403601997,0,-95.2856425816786,-132.623047740865,-78.2482216167059,1
-0.650113900782302,0.684475402262155,-0.329917002724797,0,-0.694084986324214,-0.711637985658802,-0.108707352526408,0,-0.309188979800946,0.158318282747872,0.937729963083267,0,-95.3535270498573,-132.644846716493,-78.2139861646049,1
-0.649695070040733,0.685254959589808,-0.32912314593902,0,-0.694200144406995,-0.711249326103649,-0.11050182619268,0,-0.309810547649685,0.156684831010566,0.937799176910961,0,-95.2806092716258,-132.630454980564,-78.2982990672674,1
-0.649180746693729,0.686381590733204,-0.32778731517039,0,-0.694888577688308,-0.710433927753331,-0.111415183822888,0,-0.309344573584993,0.155447060889342,0.938158902392518,0,-95.3032176925284,-132.624048394732,-78.2403297274416,1
-0.648025386265863,0.689083831429933,-0.324386365689049,0,-0.695644951921465,-0.708918194147016,-0.116245571320966,0,-0.310066342320835,0.150327656659989,0.938754734741343,0,-95.2968043167049,-132.605517071934,-78.2928559995307,1
-0.648055300933914,0.689857539738939,-0.322677577008589,0,-0.696027095584117,-0.708460100936979,-0.116749644439641,0,-0.309144820545163,0.148932103331355,0.939280946620143,0,-95.3714542874963,-132.602185453567,-78.1102710246685,1
-0.656265373364463,0.683320936155501,-0.319981342508353,0,-0.682913598068246,-0.718251246273464,-0.133206430166819,0,-0.320849749043776,0.13110084039032,0.938012784171237,0,-95.3927238308655,-140.211615076576,-83.4854628186058,1
-0.654311270931359,0.68616460402475,-0.317891367419121,0,-0.685288799216644,-0.715756554466103,-0.134431552728847,0,-0.319774996411578,0.129887321156595,0.938548475191925,0,-95.4637859919614,-140.169712884453,-83.4726967423921,1
-0.653464204397544,0.686859993855065,-0.318131789037434,0,-0.685622137387434,-0.715180482768963,-0.135790690588657,0,-0.320790847379957,0.129383832832795,0.938271308420993,0,-95.4289791633567,-140.212308389927,-83.4927542687742,1
-0.652913109911802,0.688363326949145,-0.316007154861033,0,-0.685688367637166,-0.714406793603113,-0.139479476697166,0,-0.321770203902106,0.125614460928241,0.938448165946679,0,-95.4357213442301,-140.219520923588,-83.496358677545,1
-0.653385283057442,0.688701586391456,-0.314289562266861,0,-0.685498136635044,-0.714411670449794,-0.140386646119482,0,-0.321216623571845,0.123718353664885,0.93888959351148,0,-95.4882706910236,-140.197427601446,-83.384884866731,1
-0.654956735223378,0.687947854632187,-0.312664945858695,0,-0.684342847708682,-0.715461107591228,-0.140677684729066,0,-0.320478518415875,0.121832227153069,0.939388323337478,0,-95.4497808620776,-140.200033403102,-83.4247447873615,1
-0.656035620729201,0.686885730401472,-0.312738229084602,0,-0.683217046552607,-0.716550056610378,-0.140607333342066,0,-0.320673774142547,0.121424661960828,0.939374458472261,0,-95.4235185193316,-140.204699433509,-83.4766954556708,1
-0.656690322293443,0.685576727102701,-0.314232861942838,0,-0.682605109389329,-0.717478369162241,-0.138834322150624,0,-0.320636862884929,0.123325803311395,0.939139360853501,0,-95.4252028733043,-140.241574381498,-83.5123233167587,1
-0.656483853081692,0.685878443950552,-0.314005858601622,0,-0.683123748174902,-0.71711016843293,-0.138184360469677,0,-0.319954466762766,0.123789061381712,0.939311132966958,0,-95.4138486113897,-140.20543687513,-83.5123893546545,1
-0.656759837777869,0.687203587503867,-0.310511977143074,0,-0.682719133094476,-0.716715386344523,-0.142174469315323,0,-0.32025152558606,0.118617976661173,0.939876974362562,0,-95.4350244635081,-140.192503509889,-83.4900383350125,1
-0.6488586619212,0.69542521281891,-0.308814305557242,0,-0.687287868737859,-0.709800402755074,-0.154333542432916,0,-0.326523954628856,0.112103667454548,0.938517385117434,0,-97.2766354509589,-144.768507970574,-86.295803272902,1
-0.64940941370243,0.695186872948127,-0.308192544989222,0,-0.687438387247146,-0.70996171916889,-0.152914491904052,0,-0.32510905633144,0.112559274877659,0.938953946354313,0,-97.2783750366561,-144.785055470942,-86.3546835891921,1
-0.649134798155176,0.695962928142065,-0.307017242489288,0,-0.687952531017955,-0.709350653480204,-0.153437065921928,0,-0.324569402826823,0.111611933663683,0.939253677934837,0,-97.3358579039229,-144.711995046612,-86.2513064303901,1
-0.64852399471567,0.696722871721866,-0.306583941176609,0,-0.689071006601936,-0.708479825587023,-0.152437921195872,0,-0.323415534563093,0.112398445761625,0.93955785364724,0,-97.3065445130193,-144.720171832028,-86.2544038278368,1
-0.649076528455039,0.698151508937641,-0.302132687241159,0,-0.687466451286503,-0.708375763037245,-0.159980275793683,0,-0.325713940489487,0.103866648218567,0.939745791637442,0,-97.2561108491778,-144.747137863772,-86.3172071201284,1
-0.650558990282551,0.697697427256703,-0.299985406681713,0,-0.686648648815466,-0.709125120844735,-0.160172215609771,0,-0.324478925607817,0.101783110275651,0.940400776912654,0,-97.3077807679245,-144.692057837297,-86.3264789337804,1
-0.652077381535572,0.695418382297799,-0.301974083921443,0,-0.684810466800958,-0.711167021351223,-0.158984517640017,0,-0.325314766291167,0.103124805438255,0.939965731069364,0,-97.2581151713735,-144.70517539769,-86.301255023986,1
-0.651947535494838,0.69467520655529,-0.303958345838121,0,-0.685265755708223,-0.711384649092545,-0.15602123874211,0,-0.324615395533022,0.106574575172825,0.93982269172558,0,-97.2489478216964,-144.729309193144,-86.3911802683233,1
-0.650439626100026,0.696949571949688,-0.301976145901599,0,-0.687328358016216,-0.709280730007649,-0.156526614964723,0,-0.323277013413086,0.105745663572755,0.940377493243074,0,-97.3465529563411,-144.745269423846,-86.1709755307338,1
-0.648579483429249,0.699245766656665,-0.300666012121461,0,-0.688311586922156,-0.707441541517419,-0.160479487207672,0,-0.324918228884616,0.102868195482046,0.940130992597016,0,-97.2523589493838,-144.783263783341,-86.5078878300944,1
-0.641231389245754,0.590817803113862,-0.489649528149318,0,-0.549890233916933,-0.798863550818023,-0.243798678838954,0,-0.535203775548292,0.112922103105116,0.837141282359381,0,-83.6217140931533,-115.413606327098,-88.0116096305671,1
-0.64036382605939,0.594175238376357,-0.486713385625135,0,-0.548977711132843,-0.797258758116642,-0.251001796316668,0,-0.537175577353455,0.106462306473744,0.836724662548982,0,-83.6274318841028,-115.383283894376,-87.9128688963267,1
-0.639328514832978,0.594504373416146,-0.487671683468307,0,-0.549696468411033,-0.796839842488141,-0.250759130261882,0,-0.537673631795891,0.107753928551421,0.836239308680446,0,-83.5351822260461,-115.429720247372,-88.1986251163728,1
-0.639194448248679,0.594992371403179,-0.487252152525521,0,-0.549036235630032,-0.796705312405822,-0.252626215371874,0,-0.538507031828601,0.106041834751606,0.835921858600512,0,-83.6064218551798,-115.367914942534,-88.0323165220329,1
-0.638634506261393,0.595932557813936,-0.486837204991714,0,-0.549074939385716,-0.796151416474472,-0.254282841246699,0,-0.539131536627494,0.104916334720779,0.835661289938139,0,-83.6065451128644,-115.414138637346,-88.0900121431666,1
-0.638801352212155,0.596381648521656,-0.486067851443829,0,-0.549621397506678,-0.795827409996761,-0.254116669060819,0,-0.538376631752482,0.104823218557935,0.836159533902023,0,-83.5898749645238,-115.451547135627,-88.0809501562112,1
-0.63893733421607,0.59690916693958,-0.48524074355476,0,-0.547169163716347,-0.796028313741537,-0.258737102988465,0,-0.540707917512026,0.10019197754783,0.835222445785283,0,-83.561977409286,-115.426448838226,-88.1827500528047,1
-0.639402205296394,0.596472571955669,-0.485165258983332,0,-0.548811492250906,-0.795996728597155,-0.255333505838078,0,-0.538489377963309,0.103003483711788,0.836313032288228,0,-83.5729155537172,-115.429326278089,-88.0929085749046,1
-0.640071094691224,0.596961267307414,-0.483679998773973,0,-0.54620131593395,-0.796288858875499,-0.259977488476051,0,-0.540345487899711,0.0977825663555829,0.83574240037561,0,-83.6213585659929,-115.379335681913,-87.9952410749884,1
-0.640324105190803,0.597114005059426,-0.483156165950207,0,-0.54706550356445,-0.796074304499959,-0.258814618452719,0,-0.53917005358585,0.0985928147340227,0.836406061375924,0,-83.5976101833005,-115.344659897911,-88.0341517938111,1
-0.639170812224254,0.603608884945961,-0.476568046178181,0,-0.546807003054246,-0.792428551997683,-0.270294698482306,0,-0.540798409673522,0.0878262545493015,0.836554642617606,0,-86.299991150222,-120.551203453281,-87.0557736781623,1
-0.638513674400939,0.602599415510146,-0.478721312841677,0,-0.547405148352577,-0.792836979157043,-0.267874908162079,0,-0.540969243575716,0.0910126908334039,0.836103411440966,0,-86.3805936058986,-120.574296242217,-86.8826982815826,1
-0.638026439911959,0.601704749728444,-0.480493161343955,0,-0.546013869186507,-0.793525323836772,-0.2686753432139,0,-0.542946723626293,0.0909339527622079,0.83482925144989,0,-86.2783676003935,-120.56093051665,-87.0013298848464,1
-0.638160731419016,0.600236454649689,-0.482148459836279,0,-0.546103264940915,-0.794338483874599,-0.26607830425233,0,-0.542698975884518,0.0935021175368602,0.83470665285086,0,-86.2721094602651,-120.536935232744,-87.0120156069479,1
-0.638169488977772,0.600152471045268,-0.482241464591909,0,-0.546165643397922,-0.794374914084023,-0.265841534381635,0,-0.542625964124953,0.093731777098995,0.834728375502076,0,-86.3829023744211,-120.535878158003,-86.8013905573773,1
-0.635946206799222,0.601500569464821,-0.483497128223857,0,-0.547296691308004,-0.793221967132537,-0.266955474277228,0,-0.544094419436573,0.0948470470807817,0.833645784542357,0,-86.3670811557264,-120.570535420028,-86.8862064694026,1
-0.63453866067591,0.6027596191422,-0.483778262421437,0,-0.548620619811572,-0.792158403430769,-0.267395466778045,0,-0.544404216088556,0.0957379579390942,0.833341614394139,0,-86.3500718343851,-120.611375262232,-86.9222694612122,1
-0.633328857158871,0.604617504786933,-0.483044830939147,0,-0.549082880054898,-0.790927939033116,-0.27007605886973,0,-0.545346353239594,0.094184701805214,0.832902531866185,0,-86.3769402311053,-120.580387286142,-86.9170495918402,1
-0.633176757793096,0.604859584769196,-0.4829410721228,0,-0.548476684160763,-0.790881530163959,-0.271440112530866,0,-0.546132332877585,0.0930123387604104,0.832519176917307,0,-86.4383117300002,-120.558720812725,-86.820756115626,1
-0.633228377121109,0.604871291403046,-0.482858757170041,0,-0.549956469765543,-0.790624773575742,-0.269184677618341,0,-0.544582178778675,0.0950959196084216,0.833298883890401,0,-86.4908430449294,-120.483556509892,-86.7183875058281,1
-0.641383877753748,0.603970209220118,-0.473124380339387,0,-0.537996101406576,-0.793706193540993,-0.28388490514497,0,-0.546979781067879,0.072459864054207,0.83400400236491,0,-87.9724286581565,-127.290026658452,-84.9728115468461,1
-0.641354640569606,0.607470505471681,-0.468661841938896,0,-0.536826765219583,-0.791711644009357,-0.291564450685412,0,-0.548161827108461,0.0645940285570963,0.833874251063964,0,-87.9211071776816,-127.342028064787,-85.1496498169304,1
-0.641733265405156,0.608844536105531,-0.46635475006406,0,-0.536781908878678,-0.790883736429011,-0.293884511866611,0,-0.54776236265118,0.0617353326588549,0.834353130206944,0,-87.940829799372,-127.277366401926,-85.1214672353701,1
-0.641823635724649,0.608921770833202,-0.466129450107003,0,-0.536775261253906,-0.790842175489382,-0.294008389326587,0,-0.547662941955238,0.0615052171378044,0.834435376296848,0,-87.9800467982062,-127.326378788746,-85.051222285477,1
-0.641974708573137,0.609658665662537,-0.464956750637523,0,-0.536389604714803,-0.790428548326439,-0.295819024883285,0,-0.547863723244334,0.0594896321267994,0.834449712191007,0,-87.9949645682554,-127.315738968503,-85.0347251364103,1
-0.641998692565581,0.61041294305247,-0.463932838291407,0,-0.536671810365463,-0.789918662478619,-0.296667868621163,0,-0.547559126755185,0.0585192693951717,0.834718204212038,0,-88.019862339962,-127.33225797032,-84.9861617688011,1
-0.641644714025857,0.612582445198459,-0.461556903448023,0,-0.536860267388647,-0.788476374272899,-0.300143327186445,0,-0.547789258409576,0.0552061624992948,0.834792904193464,0,-88.0204173726442,-127.299333380089,-85.1026673165275,1
-0.641510791272886,0.613305600517478,-0.460782181943703,0,-0.536838070205272,-0.787998292203463,-0.301435994233046,0,-0.547967957240659,0.0539909673054308,0.834755125262235,0,-87.9944134276935,-127.29922044787,-85.041439718985,1
-0.641342456683081,0.614671168108993,-0.459194034051849,0,-0.537729341089684,-0.787004014717472,-0.302443032502291,0,-0.547290554832807,0.0529525617973107,0.835265861682157,0,-87.889243194256,-127.30856851182,-85.2121246019833,1
-0.642039086732902,0.615465925456218,-0.457151449150515,0,-0.538116116314224,-0.786485834354034,-0.3031023163837,0,-0.546092286268669,0.0513970319082936,0.836146840999438,0,-88.0241432014639,-127.282930700442,-84.968332512794,1
-0.624929927285545,0.616865582467846,-0.478476142889918,0,-0.538881079442847,-0.784315144971697,-0.307338434513001,0,-0.564862587966309,0.0657767556195288,0.822559218197988,0,-90.4385851560126,-135.342221362772,-88.8089457540648,1
-0.621472207041325,0.618808437635171,-0.480466845281997,0,-0.540232720034265,-0.78264552865411,-0.30921605080796,0,-0.567380714152396,0.067394759784403,0.820693040428315,0,-90.3872817196218,-135.356734947984,-88.850704700262,1
-0.621562192732439,0.619076606119918,-0.480004836392665,0,-0.541243400492084,-0.782359203369372,-0.30817156335383,0,-0.566318003304331,0.068251661637145,0.821355981893002,0,-90.4884099779882,-135.35167094939,-88.7119115098296,1
-0.620519411880847,0.619220804673005,-0.481166467284735,0,-0.542102581270337,-0.782080271285501,-0.307368096119045,0,-0.566639518155425,0.0701137240126263,0.820977277261563,0,-90.4914060906138,-135.365582499872,-88.7257928175741,1
-0.620212289071886,0.619542549547994,-0.48114831403114,0,-0.542843768817243,-0.781758314422876,-0.306878679925921,0,-0.566266104534366,0.0708584195202684,0.821170970390562,0,-90.4675724986829,-135.386686996586,-88.7952205286799,1
-0.620913780221347,0.619716074842097,-0.480018847259316,0,-0.542589021906657,-0.781734693555875,-0.307389103820025,0,-0.56574134433351,0.0695908457286173,0.821640955775921,0,-90.5391387020824,-135.382061033879,-88.6975861717547,1
-0.620877883068219,0.619782850796646,-0.479979021196855,0,-0.542651008197158,-0.781681455824907,-0.307414972573458,0,-0.565721241067675,0.0695939183255569,0.821654523349917,0,-90.542826920218,-135.384128217096,-88.7415192624899,1
-0.621068536108492,0.620839061355935,-0.478364704106494,0,-0.542971647626371,-0.780978428772887,-0.308633359997207,0,-0.565204153490963,0.0680560128406411,0.822139080725758,0,-90.5470213883683,-135.338277333827,-88.7056758239671,1
-0.620614911011864,0.621755511175247,-0.477762779912004,0,-0.542746313601232,-0.780376807333028,-0.310545547457389,0,-0.565918406254458,0.0665747719900052,0.821768931623603,0,-90.496201560159,-135.3807979157,-88.743511805983,1
-0.619603362371977,0.624396257353806,-0.475626968048439,0,-0.544245913477094,-0.778398699505326,-0.312876781033547,0,-0.565586502037711,0.0649985314787261,0.822123537095303,0,-90.5212967089207,-135.413761541668,-88.7049938673483,1
-0.603090005653457,0.719462575439478,-0.344464765308049,0,-0.592455239348066,-0.693168079146173,-0.410505467498679,0,-0.534115300849391,-0.0434917853518412,0.844292181745553,0,-92.2975798304548,-138.042174309039,-91.5405947991037,1
-0.601022971784725,0.719498428308999,-0.347984820541442,0,-0.595291054839533,-0.693522165856955,-0.405777785594529,0,-0.533291661301033,-0.0367295058574614,0.845133695942492,0,-92.312305210055,-138.044443854119,-91.4477084404275,1
-0.600428344265752,0.720147052021153,-0.347669455574761,0,-0.596521549112426,-0.692897054519376,-0.405037920101797,0,-0.532586010962449,-0.0358039477748874,0.845618245788864,0,-92.3414199370555,-138.005747230651,-91.435916198461,1
-0.601024804284663,0.720645925344647,-0.345598885365197,0,-0.596449543784203,-0.692259810862681,-0.406231776517951,0,-0.531993493501583,-0.0380230730680409,0.845894293400373,0,-92.3770793054344,-138.00787686697,-91.3527157871629,1
-0.602527606305492,0.720658052624656,-0.342946730364403,0,-0.594224204643156,-0.691939593782286,-0.410020973926322,0,-0.532783337487588,-0.0432617064960273,0.845145160405059,0,-92.2819240754112,-138.004475435224,-91.4533395514554,1
-0.603109026323023,0.720628717584806,-0.341985143985258,0,-0.593673054804356,-0.691871666166502,-0.410933073281275,0,-0.532740000780876,-0.0448100690701936,0.845091817835637,0,-92.2248169920954,-137.995400194583,-91.5790911530614,1
-0.604522539728313,0.720493406808596,-0.339767161992768,0,-0.59356681299972,-0.691878779461948,-0.411074417979234,0,-0.531254095608475,-0.0468292307485221,0.845917315268239,0,-92.3100019201514,-138.000893339467,-91.4526961197178,1
-0.60466206887551,0.720796326980072,-0.338875455777587,0,-0.5925378836896,-0.691402778856023,-0.413353594999734,0,-0.532243178961756,-0.0491426790933969,0.845164034273289,0,-92.2560348002383,-137.948861959528,-91.5403165611435,1
-0.605817020168527,0.720440058996056,-0.337567558498808,0,-0.591975119054102,-0.691652688728935,-0.413741508029402,0,-0.531555460439278,-0.0508200270707791,0.845497560875805,0,-92.2615941819439,-137.948523101153,-91.5179253109898,1
-0.606351417986366,0.720328330844425,-0.336845926779159,0,-0.591238558507665,-0.691654893532924,-0.414789804358032,0,-0.531765981161485,-0.0523520960555665,0.845271693169378,0,-92.2933523126045,-137.957233337541,-91.5063359357225,1
-0.605675974012273,0.78229531510235,-0.145501013738755,0,-0.637870351958981,-0.586659093247812,-0.498951308382776,0,-0.475686761224793,-0.209392062478961,0.854328405753501,0,-91.4808500499883,-136.766105059355,-100.047275089814,1
-0.604413598577945,0.78436601306433,-0.139478391387719,0,-0.640408938671508,-0.582497207793748,-0.500573140644822,0,-0.473878334966715,-0.213229981180781,0.854384180962063,0,-91.4259504317292,-136.7842966963,-100.03137996624,1
-0.604836553758237,0.783731690809848,-0.141199574637242,0,-0.640672836461716,-0.584198264201458,-0.498247581685259,0,-0.47298096582678,-0.210895622777628,0.855460123381873,0,-91.4161301602339,-136.758178558147,-100.076809698576,1
-0.604451691968126,0.783372665835032,-0.144794474553732,0,-0.641389158934484,-0.586350573017277,-0.494785785007805,0,-0.472501982853451,-0.206204495109397,0.856867311927198,0,-91.4782517116433,-136.766941848077,-99.9658229939457,1
-0.602657398675254,0.784504039451559,-0.146141385319814,0,-0.642528117771072,-0.585643126002118,-0.494145336666796,0,-0.47324571139737,-0.203900395360844,0.857008212951301,0,-91.4652277638196,-136.805024063714,-100.096418059083,1
-0.598188047319971,0.788078570296534,-0.14526960478625,0,-0.645908347540426,-0.581460231052233,-0.494678104262323,0,-0.474313710494787,-0.202079682227025,0.856849060900101,0,-91.4466499235704,-136.803945729673,-100.123443563561,1
-0.595967104627225,0.790165453012662,-0.143045198732901,0,-0.648983921400383,-0.578859502667286,-0.493702015302866,0,-0.472909348790659,-0.201396120504297,0.857785753758566,0,-91.4886948819968,-136.81994111763,-100.07454814258,1
-0.591799373974347,0.79379475522574,-0.140226396860975,0,-0.653815820170341,-0.574440034900602,-0.492487100026246,0,-0.471485330776961,-0.199771337786164,0.858948777273653,0,-91.469530158139,-136.843926964332,-100.139895498598,1
-0.590250092735434,0.795394765312087,-0.137666511767968,0,-0.657981917973873,-0.572871112280917,-0.488752054780531,0,-0.467615996461929,-0.197903844221725,0.861492531639302,0,-91.5042648485433,-136.797280204406,-100.23908103808,1
-0.586183056377198,0.798684286249028,-0.135988683637142,0,-0.664446030202562,-0.569963395122834,-0.483376964578162,0,-0.463574159424028,-0.192990227657435,0.86478540895906,0,-91.4910823004454,-136.847234756316,-100.160074078414,1
-0.64340975594114,0.514057754391851,-0.567246457691839,0,-0.504735588972505,-0.841985898758207,-0.190530216176702,0,-0.575557036069966,0.163720494949374,0.801205161105297,0,-80.4642216393896,-115.98959331161,-89.2927653703234,1
-0.638383895109958,0.515934455227343,-0.571207208158461,0,-0.507327194559687,-0.840128399633429,-0.191842230896414,0,-0.578865420757578,0.167319950367107,0.798071974844745,0,-80.5836301255405,-115.921251415367,-89.017599134771,1
-0.635775075854669,0.518641608703262,-0.571665084921173,0,-0.509836254324703,-0.838233486264205,-0.193472660942157,0,-0.579531798084604,0.168450477234655,0.79735020577291,0,-80.5388007470734,-115.887432246838,-89.0686580753131,1
-0.634904780796006,0.519780508410482,-0.57159781200377,0,-0.511953844365483,-0.837143348096117,-0.192598460331712,0,-0.578618239848944,0.170350008485655,0.797610034516129,0,-80.5252142787366,-115.901909140816,-89.0979933781243,1
-0.633792980526586,0.522706734521432,-0.570161484563425,0,-0.511096384688665,-0.836279048307821,-0.198539204090455,0,-0.580591867200075,0.165574739375872,0.797181335810848,0,-80.5502742353684,-115.951975334821,-89.1379957446836,1
-0.633693291095514,0.523456222939877,-0.569584439942975,0,-0.511839248714535,-0.835795983459185,-0.198659769011012,0,-0.580046070098046,0.165646318658737,0.797563709792593,0,-80.5877856899699,-115.947212503881,-89.0777759770879,1
-0.63395357379774,0.522923006641372,-0.569784515021916,0,-0.511776980706949,-0.836025246759034,-0.197853738646128,0,-0.57981650547083,0.166172521837179,0.797621157544873,0,-80.5723912950705,-115.858144219656,-89.0310269238184,1
-0.634491983446466,0.522456938124889,-0.56961275543595,0,-0.510895864863667,-0.836492530912773,-0.19815569022312,0,-0.580004614636392,0.165284623259754,0.797668883402954,0,-80.5276313153171,-115.876930356902,-89.1224738651929,1
-0.635283430947939,0.521917615265289,-0.569224824877118,0,-0.509331749980702,-0.83720183702594,-0.199183784077765,0,-0.580513615573699,0.163386095590925,0.797689725427054,0,-80.5185364768146,-115.896328518404,-89.0907200024931,1
-0.635149244724059,0.522286663550653,-0.56903609781495,0,-0.510047233930876,-0.836857787186244,-0.198798549455889,0,-0.580032115782893,0.163968545248189,0.797920460467934,0,-80.4391753748944,-115.895563471225,-89.1587683078449,1
-0.638394229206157,0.527501970191368,-0.560530583405279,0,-0.503009371358558,-0.837132047058481,-0.214922275762999,0,-0.58261004323531,0.144746986739334,0.799758635344498,0,-83.7255294639883,-121.458642376732,-88.0380110201502,1
-0.638641494998286,0.529015881118556,-0.558819560600121,0,-0.501758021864412,-0.836875153802946,-0.218812578308396,0,-0.583417527921642,0.140649410905947,0.799901094303393,0,-83.7304759764217,-121.424252690211,-88.0590011421261,1
-0.638244562094049,0.530275795302458,-0.5580784716799,0,-0.502416425649857,-0.836184364869425,-0.219939982579274,0,-0.583285327759842,0.140012305449213,0.800109265580185,0,-83.7349411159559,-121.400684157086,-88.0503093786886,1
-0.638898393461506,0.531018235678302,-0.556622396832396,0,-0.501339803014561,-0.836206966875415,-0.222297839538362,0,-0.583495727301069,0.137031236743019,0.800471850554658,0,-83.8450544317364,-121.372839893876,-87.9143581064491,1
-0.638325243638344,0.53115533068465,-0.557148878241278,0,-0.500975918824636,-0.83618364227732,-0.22320396053849,0,-0.58443474487041,0.136641459522587,0.799853191112756,0,-83.7689971650267,-121.441838349572,-88.0071183832704,1
-0.638388811754859,0.531717635936701,-0.556539329163475,0,-0.502547405644629,-0.835595128059814,-0.221871168552971,0,-0.583014369299355,0.138047321784191,0.800647960091238,0,-83.8223566082177,-121.404941713716,-87.916266786523,1
-0.63863987144208,0.532296219202521,-0.555697619719355,0,-0.502127571183015,-0.835486108385765,-0.223228261524765,0,-0.583101198282309,0.13646863235746,0.800855356553479,0,-83.8517758991834,-121.384424138291,-87.905341041931,1
-0.638670651517839,0.532407987782565,-0.555555125194685,0,-0.501013239872528,-0.835702800411903,-0.224914473720796,0,-0.584025247535608,0.134694186122584,0.800482336186978,0,-83.8029187548264,-121.402947048121,-87.9550726614909,1
-0.639125835419758,0.532113607541394,-0.555313725217626,0,-0.501239953923751,-0.835811935419412,-0.224002207178828,0,-0.583332451556693,0.135179839560082,0.800905542749286,0,-83.8376808371758,-121.397576495962,-87.9233007444232,1
-0.638923158800212,0.53184666689393,-0.555802430386067,0,-0.501598722464221,-0.835816915815568,-0.223178930856645,0,-0.583246047477545,0.136195595161295,0.800796365350965,0,-83.8420228686364,-121.375902587741,-87.8388988492959,1
-0.647897742033746,0.528643023359003,-0.548420592741593,0,-0.491465699364556,-0.840177601385756,-0.229266569114743,0,-0.581970859511776,0.120988629241456,0.804159004627531,0,-86.5774626070537,-126.684396036647,-86.0807240022059,1
-0.644995848498794,0.53413026407737,-0.546521036994496,0,-0.495997473091519,-0.836666048742719,-0.232328359910345,0,-0.581349209230291,0.121222217899794,0.804573355296852,0,-86.5931441691486,-126.73181776947,-86.0757635116913,1
-0.644185770248024,0.535258053048786,-0.54637303615017,0,-0.496541009647638,-0.836000270158299,-0.233560607147708,0,-0.581783209777468,0.120840188533153,0.804317063947098,0,-86.5062942473826,-126.768705135117,-86.1811151677689,1
-0.644288259658137,0.538437560639733,-0.543118418746306,0,-0.497120901668885,-0.83451576479137,-0.237600987041483,0,-0.581174180839711,0.116911988917934,0.805337290645493,0,-86.5748182178242,-126.773902728856,-86.0442057609109,1
-0.644467245097747,0.539509425728501,-0.541840989710192,0,-0.497171209956981,-0.834050546228062,-0.239124679356802,0,-0.580932789088283,0.115279715471733,0.805746691778795,0,-86.4976404836422,-126.728822246802,-86.1552514257942,1
-0.643977972633298,0.540450889415824,-0.541484401009635,0,-0.497777167409016,-0.833471277718667,-0.239882700248609,0,-0.580956507619901,0.115059398234318,0.80576109307823,0,-86.5373252138756,-126.774814260696,-86.17238344972,1
-0.643265250497275,0.541856823399571,-0.540926096687185,0,-0.499088199103349,-0.832524571999475,-0.240445115918344,0,-0.580621074931484,0.115299869462324,0.805968439200905,0,-86.469485575058,-126.749686095038,-86.2161658412081,1
-0.644638250860004,0.545967820508695,-0.535126854039184,0,-0.499123506804095,-0.830777823547604,-0.246341304365495,0,-0.579065938759101,0.108293374159595,0.808056446987676,0,-86.5988602018446,-126.732543733721,-86.1319746476343,1
-0.644303081612878,0.546942888639197,-0.534534357707367,0,-0.499794251444072,-0.830173848873157,-0.247016286705019,0,-0.578860265083911,0.108003818081953,0.808242509180133,0,-86.498860859896,-126.757325819489,-86.1632321409559,1
-0.645255606600628,0.54859620616401,-0.531683502248695,0,-0.500069389130761,-0.829435757763476,-0.248931433211988,0,-0.577560155512809,0.105254233490621,0.809534302932917,0,-86.4829462021574,-126.79693391876,-86.1970015193122,1
-0.727029043859054,0.585018851502454,-0.359418552912769,0,-0.517882002906481,-0.810932577768053,-0.272372119002054,0,-0.450807035355385,-0.011886033126823,0.892542288208513,0,-99.9081611290692,-137.303477743409,-70.5859530071377,1
-0.727987217533098,0.586216895541053,-0.355505849958525,0,-0.518465579352663,-0.810012571547587,-0.273994764423,0,-0.448584562230862,-0.0151471262864079,0.893612033765706,0,-99.9330247203689,-137.301397720655,-70.4918377783608,1
-0.727727896949674,0.586508712029213,-0.355555620154967,0,-0.517951019006088,-0.80977602636854,-0.275662291971579,0,-0.449598746087827,-0.0164467343287081,0.893079228884448,0,-99.8335384636307,-137.314136143765,-70.7365507909835,1
-0.728011064938254,0.586777452570211,-0.354530903510778,0,-0.517743560614304,-0.80955055842276,-0.276712037826478,0,-0.449379074257695,-0.0178933324945829,0.893161960471405,0,-99.8805076741798,-137.310740864156,-70.592817912428,1
-0.728396369909526,0.587764693366073,-0.352095655332814,0,-0.517146689814072,-0.808732442028334,-0.280198311370163,0,-0.449441854921053,-0.022010330994764,0.893038383690459,0,-99.8516471763379,-137.301349350657,-70.7488988058381,1
-0.728789435823041,0.588595641007527,-0.349887315359364,0,-0.516884157219269,-0.808035858018225,-0.28268147196288,0,-0.449106586262755,-0.0251640823243055,0.89312375487014,0,-99.8854935401684,-137.342293316969,-70.6367346582038,1
-0.728532069495898,0.590843941634433,-0.346618716713344,0,-0.516631415318936,-0.806190004189781,-0.288356953315325,0,-0.449814502985069,-0.0310031729692565,0.892583739679328,0,-99.8529806902104,-137.330675534834,-70.6196516307946,1
-0.728679152615034,0.591713126748375,-0.344822152617683,0,-0.516078641238901,-0.805411887371284,-0.291503989530079,0,-0.450210597819238,-0.0344575353969857,0.892257309489628,0,-99.8716510152377,-137.34618873976,-70.6213380437907,1
-0.729217092752287,0.593879838710175,-0.339925170478166,0,-0.517236262979258,-0.803614795794279,-0.294397439885301,0,-0.448005606104608,-0.0388580361872224,0.893185880758536,0,-99.8894287131647,-137.310156538656,-70.6228149419114,1
-0.729591708904227,0.594633126591241,-0.337797939270768,0,-0.516433891795241,-0.80285357182879,-0.297862790380316,0,-0.448321363790581,-0.042867920183007,0.892843945057334,0,-99.8863271997709,-137.313910674869,-70.6271271342794,1
-0.725263481614448,0.590873441000976,-0.353357343082362,0,-0.506248599759403,-0.805539259158356,-0.307926621426274,0,-0.466588878695734,-0.044441283805819,0.883357106688197,0,-98.7197779507772,-142.887264104686,-79.1441450743043,1
-0.72436622200339,0.592054023831137,-0.35322179070646,0,-0.506911079105103,-0.80464659073197,-0.309168310658741,0,-0.467263052707883,-0.0448990461623109,0.88297753119799,0,-98.7015026044892,-142.929139770874,-79.1271434742898,1
-0.723940948245497,0.592741800834869,-0.352940290588982,0,-0.506493619433954,-0.804037992574516,-0.311427874309719,0,-0.468373712068488,-0.0466933644543747,0.882295780328042,0,-98.7588049065971,-142.899860499068,-79.0388828462414,1
-0.72356776865848,0.592763085940061,-0.353668783817171,0,-0.507360324171445,-0.804135749504601,-0.309759889138043,0,-0.46801194567912,-0.04469478160333,0.882591181179187,0,-98.6645235088563,-142.912850484087,-79.3240433786011,1
-0.724138822988552,0.592916384525129,-0.352239976845575,0,-0.506304268279583,-0.803846619381246,-0.312228243246856,0,-0.468272157309145,-0.0477559856453828,0.882292764559413,0,-98.7361904540305,-142.906622761293,-79.1902777632715,1
-0.723918837459851,0.593505433469494,-0.351699886963776,0,-0.506861520580141,-0.803400875765372,-0.312471484454287,0,-0.468009519199214,-0.0479408472938842,0.882422100985003,0,-98.7177669807172,-142.910310115966,-79.1996177617314,1
-0.723944175214359,0.594708744311711,-0.349608761594627,0,-0.506261460392724,-0.802255404646082,-0.316362995399154,0,-0.468619359192906,-0.0520357050960592,0.881866298428194,0,-98.7386407487814,-142.946352032132,-79.1567272317327,1
-0.723967091929578,0.594860794674354,-0.349302506821544,0,-0.50690585341892,-0.802186800938822,-0.315503940223568,0,-0.467886792132646,-0.0513510074366387,0.882295307901928,0,-98.7640414014183,-142.933326422679,-79.090924982316,1
-0.724012143805573,0.595007278049418,-0.348959665996914,0,-0.507011719142858,-0.802061665211349,-0.315652190836811,0,-0.467702515116564,-0.0516093618575723,0.882377955394714,0,-98.7839894402013,-142.897403721381,-79.0686610033035,1
-0.723861714950446,0.595193132611687,-0.348954786205446,0,-0.507410065240457,-0.80195236313036,-0.315289597717343,0,-0.467503313647767,-0.0511628858740401,0.882509509490958,0,-98.7526167400476,-142.953648983754,-79.1197197523575,1
-0.714168509662667,0.610242952645317,-0.342880244855365,0,-0.508208430874896,-0.788890172392099,-0.34550898662103,0,-0.48133928390977,-0.0724970242228699,0.873531149067513,0,-96.5429864075629,-144.612736378308,-90.9172004788984,1
-0.71374360813616,0.609945867755873,-0.344290823732781,0,-0.507215938796357,-0.78910441675947,-0.346476968175183,0,-0.483013600168326,-0.0726659140713277,0.872592429381592,0,-96.4029427124962,-144.627440213702,-91.160094213473,1
-0.713526645125746,0.609853113016255,-0.344904135238885,0,-0.507839273491417,-0.789322566173608,-0.345063921938517,0,-0.48267892662684,-0.0710564444478512,0.872910088516056,0,-96.3809218568896,-144.623296012924,-91.2226542099381,1
-0.713650637413093,0.609735307227491,-0.344855779865587,0,-0.507197225956698,-0.789327034302073,-0.345996661139084,0,-0.483170374518935,-0.0720108513607549,0.872559909200628,0,-96.412036381643,-144.641315588846,-91.1409219563452,1
-0.714134640064818,0.609350204426341,-0.344534594288131,0,-0.50766953978789,-0.789710997289434,-0.344424464450212,0,-0.481957878535165,-0.0710557368144284,0.873308476157692,0,-96.4771777734462,-144.605124410278,-90.9994889527218,1
-0.714788093825898,0.609031845177231,-0.34374145695413,0,-0.507547007047858,-0.789914531083182,-0.344138178117733,0,-0.481117474171036,-0.0715208931270934,0.873733793385642,0,-96.5195173132215,-144.614839213117,-90.9063330549018,1
-0.714549360894052,0.60858241072352,-0.345031577402561,0,-0.506317600943932,-0.79021699286679,-0.345253124137039,0,-0.482764791228247,-0.0720048364217999,0.872784907202223,0,-96.4574422531046,-144.607759568026,-90.9409522667547,1
-0.714899191986196,0.608307444472202,-0.344791392113244,0,-0.507134985570224,-0.79056048489552,-0.343261025373454,0,-0.481386689652836,-0.0705412548274764,0.873665131107179,0,-96.5330515329438,-144.602721022825,-90.8784719311659,1
-0.715063561817974,0.608648731587635,-0.343847065910699,0,-0.506547683913746,-0.790107626275231,-0.345165691140313,0,-0.481760852955769,-0.0726404887656228,0.873286798613709,0,-96.4975279092042,-144.606205169984,-90.8847028369207,1
-0.71443828630822,0.609633676770016,-0.343401786185246,0,-0.507541240641172,-0.789362296802328,-0.345411511864069,0,-0.481642915431246,-0.0724846580105449,0.873364810606166,0,-96.4445617950526,-144.578847769281,-90.9191265931274,1
-0.70037693055382,0.621431548021153,-0.351133769854274,0,-0.508900416483732,-0.779692666826791,-0.3648282697659,0,-0.500492217886621,-0.0768251593330133,0.862325588693944,0,-94.614368109613,-143.629004118705,-102.778090460592,1
-0.701573389682127,0.619827177864782,-0.35158075223397,0,-0.506992724676994,-0.780872390354195,-0.364961154839428,0,-0.500752552082669,-0.0777981806528847,0.862087184143986,0,-94.5942106072178,-143.630010653965,-102.709034868358,1
-0.702198775865645,0.618655404095337,-0.352395177923368,0,-0.508245857968916,-0.782172231840627,-0.360406365783659,0,-0.498601065532879,-0.0739735050331074,0.863669437858925,0,-94.5700377440846,-143.617145799438,-102.802660856458,1
-0.702379591952994,0.618293123929418,-0.352670450585698,0,-0.507819760175527,-0.782451877496856,-0.360399896693961,0,-0.498780432687616,-0.0740444961964862,0.863559768287068,0,-94.5914580073336,-143.635147205427,-102.718614753417,1
-0.7021224531444,0.618591550470142,-0.352659300173784,0,-0.507991381864982,-0.782211381812929,-0.360680104895188,0,-0.498967782945921,-0.0740937132510602,0.863447323986026,0,-94.6788649256623,-143.553675310603,-102.633008189783,1
-0.702591188575931,0.61783815179892,-0.353046395920111,0,-0.506427086206281,-0.782676781339928,-0.361868461711517,0,-0.499897354131014,-0.0754533256868189,0.86279167013695,0,-94.6863796079032,-143.56604350273,-102.636383999917,1
-0.704124267471637,0.615677033927722,-0.353766839134329,0,-0.50293663260278,-0.784118307134294,-0.363611596893207,0,-0.501262360453277,-0.0781054422744652,0.861763097087288,0,-94.4772824058934,-143.58246328898,-103.002033484542,1
-0.706730279243668,0.614282064683476,-0.350984128763357,0,-0.50217107839966,-0.785009618264598,-0.362745225290118,0,-0.49835380617891,-0.0801089708819172,0.86326475349054,0,-94.6315372474927,-143.582005624647,-102.729301415656,1
-0.71056907278792,0.611410703176614,-0.348236272311842,0,-0.496209918115,-0.786322031343872,-0.368067029675999,0,-0.498865975130698,-0.0887387554254077,0.862124213659294,0,-94.6458571011068,-143.501784149985,-102.695649097229,1
-0.710564872351356,0.60994358160982,-0.350808164412443,0,-0.495858005743113,-0.787800629055157,-0.365369644596328,0,-0.499221765541272,-0.0856678116952685,0.862228883012229,0,-94.5741191225432,-143.594546942009,-102.780970317184,1
-0.729150192251717,0.586443484780951,-0.352737772931897,0,-0.509935202689768,-0.809332045825703,-0.291457742865847,0,-0.456405487023911,-0.0326430843971097,0.889172893747384,0,-93.8726923711502,-133.474228649034,-80.228781314496,1
-0.727859720475512,0.588943741602947,-0.351234425507533,0,-0.511312614281882,-0.807432325504948,-0.294300138546502,0,-0.456924255370244,-0.0346186383835994,0.888831706187407,0,-93.8280986719033,-133.493534509213,-80.2215422037461,1
-0.727505134401346,0.589039370111413,-0.351807854046005,0,-0.513124016417466,-0.807504343945653,-0.290930119371333,0,-0.455455672168604,-0.0311321116138936,0.889713937181145,0,-93.7476027035094,-133.464794092168,-80.4939320323676,1
-0.727533038920178,0.589562736838686,-0.350872526450729,0,-0.513391431943509,-0.807087548648047,-0.291614468349181,0,-0.455109871971672,-0.0320242186258147,0.889859241552427,0,-93.8613105166821,-133.451628280644,-80.2069490102542,1
-0.726793563096592,0.591241795695979,-0.349577126089354,0,-0.512996744479452,-0.805695373228392,-0.296123632326371,0,-0.456733349239678,-0.0358888427328563,0.888879415833705,0,-93.7813156924821,-133.48448098919,-80.4077960024113,1
-0.727279314289965,0.591791465613459,-0.347631574588864,0,-0.513110487002054,-0.805203450691293,-0.297262661253358,0,-0.455831644451468,-0.0378195647803797,0.889262169313537,0,-93.8781237319793,-133.473438322277,-80.2512446805331,1
-0.726609006713371,0.594487471501973,-0.344418509520152,0,-0.517867927117273,-0.803329408263535,-0.294065958750836,0,-0.451500042097617,-0.035307670255597,0.891572266324812,0,-93.814338502926,-133.480594813484,-80.2665895213092,1
-0.72667308871826,0.59557968269278,-0.342390137264388,0,-0.516099681833656,-0.80222983025633,-0.30011390684684,0,-0.453417329671757,-0.0413772636332456,0.890337370633459,0,-93.831931612445,-133.48779786877,-80.2724825368139,1
-0.726918946516176,0.595789549334694,-0.34150206011498,0,-0.515112526234025,-0.801931601574424,-0.302596740929625,0,-0.454145271616844,-0.0440513212618644,0.889837936019137,0,-93.8327971503069,-133.467363399001,-80.2079882108628,1
-0.726835350932014,0.596477334176288,-0.340477762432296,0,-0.515243592366811,-0.801340114256084,-0.303937478534425,0,-0.45413031503992,-0.0454835472153742,0.889773503542454,0,-93.8197787605669,-133.459146806284,-80.1439952955923,1
-0.721809049192307,0.604808861618364,-0.336448910794717,0,-0.509259090361611,-0.793337801107064,-0.333571933076144,0,-0.468664905540611,-0.0694355914744254,0.880642882052429,0,-91.4930588412654,-136.206232702357,-87.2583283657766,1
-0.722908722691758,0.601850762297024,-0.339379694180811,0,-0.505766342049097,-0.795580807446721,-0.333543897246009,0,-0.470747618616691,-0.0694749555397928,0.879528223649724,0,-91.4885661131511,-136.188896335133,-87.2099057462249,1
-0.722280990689555,0.602367963093793,-0.339798484465574,0,-0.505786734520458,-0.795166355356729,-0.334499979497761,0,-0.471688398639333,-0.0697374319525622,0.879003266711891,0,-91.437956191145,-136.181194271802,-87.3450338449488,1
-0.720718436408256,0.603897140466747,-0.340401598172493,0,-0.506936504110407,-0.794055786657376,-0.335396573283312,0,-0.472842887188941,-0.0691644896599359,0.878428082339236,0,-91.4009150476906,-136.185326740957,-87.449159014519,1
-0.720571575001069,0.604357558719443,-0.339895012789932,0,-0.50658239896956,-0.793569783944457,-0.337077663219105,0,-0.473445841208711,-0.0707037388891245,0.877980658685981,0,-91.4640904251373,-136.143607170367,-87.3735429242074,1
-0.719542368872981,0.605472511910922,-0.340090945256207,0,-0.508253478190541,-0.792862973276351,-0.336224243363433,0,-0.473220054450603,-0.0690751820324026,0.878231978490537,0,-91.4410570867239,-136.142576165758,-87.376762770622,1
-0.719121142871413,0.605632218842672,-0.340696958569759,0,-0.509196454999429,-0.79290121085736,-0.334703829824133,0,-0.472846456232828,-0.0672109276730879,0.87857778461321,0,-91.4043397348015,-136.204362870781,-87.5249646286309,1
-0.719535842298677,0.605561532215323,-0.339946136976874,0,-0.508330992536277,-0.792787156672151,-0.336285735039118,0,-0.473146638613177,-0.0691644901540762,0.878264495433998,0,-91.5025327975084,-136.19816566049,-87.2472357179149,1
-0.719458705876561,0.605187342367851,-0.340774901159336,0,-0.508308679753924,-0.79316428446838,-0.335429254084268,0,-0.473288018180306,-0.0681086579132112,0.878270848372429,0,-91.3870734585218,-136.195392343791,-87.4505842428912,1
-0.721460433860325,0.604823067365897,-0.337170445988588,0,-0.506691611787035,-0.79298705577758,-0.338282631536509,0,-0.471972942006893,-0.0732161154884222,0.878567551441736,0,-91.5311938273959,-136.133778380295,-87.2094081183366,1
-0.707245955235656,0.621645115971603,-0.336690724033338,0,-0.502965294745483,-0.777117930850651,-0.378303807204792,0,-0.496819108644298,-0.0982100772946368,0.862279301765306,0,-91.0271010460945,-135.267888079751,-103.014638313035,1
-0.706037151938443,0.624489200816481,-0.333953257191859,0,-0.50463350834066,-0.774504225832125,-0.38142919142795,0,-0.496846619415299,-0.100779173740462,0.861966933996384,0,-90.9852291755731,-135.259585224296,-103.148116315726,1
-0.705719381735794,0.624401734080282,-0.334787380374112,0,-0.504327569669755,-0.774615454824746,-0.38160787266005,0,-0.497608095620967,-0.100465558460333,0.861564185105341,0,-90.9769381511906,-135.248615243146,-103.104553657219,1
-0.705696097113095,0.623454188417761,-0.33659754490594,0,-0.505461789292438,-0.775916391177526,-0.377441540025412,0,-0.496489068964988,-0.0962218665671208,0.862693429506669,0,-90.9931327159797,-135.293829403061,-103.095177402176,1
-0.705690277168555,0.6227746312354,-0.337865343798164,0,-0.505210842172926,-0.776628795826181,-0.376310661714909,0,-0.496752689625184,-0.0948655451671249,0.862691887408811,0,-90.9887252470039,-135.286102886666,-103.164370788102,1
-0.706055238178832,0.622649088974259,-0.337334094779467,0,-0.504491346559073,-0.776552297760366,-0.377432374857433,0,-0.496965483464083,-0.0963059504130517,0.862409721070471,0,-91.0630039590549,-135.336807300562,-103.053979865298,1
-0.705860195093912,0.622783844905278,-0.337493440559308,0,-0.504135718018575,-0.776374722085945,-0.378271884786335,0,-0.497602991772191,-0.0968645652455825,0.861979444789004,0,-91.0483678612509,-135.295520142781,-102.988558550821,1
-0.705761094445648,0.622438983197789,-0.338335457274236,0,-0.503171296078255,-0.776594654913562,-0.37910327037903,0,-0.498718162588114,-0.0973156429590017,0.861283826587376,0,-91.0068373648964,-135.26839715652,-103.124366899135,1
-0.705259947386043,0.622220302262701,-0.339779836162944,0,-0.504824740448157,-0.777261125303545,-0.375522514505615,0,-0.497755389472166,-0.0933117200214649,0.862283309196691,0,-90.9923659615038,-135.305521248617,-103.182534701473,1
-0.704749821105604,0.622361327568717,-0.34057933641715,0,-0.504555753965924,-0.777160618595581,-0.376091824175443,0,-0.498749854175323,-0.0932093980197271,0.861719589053727,0,-90.9424970391942,-135.313396077041,-103.219980657984,1
-0.70961965104802,0.622621390117711,-0.329822044472354,0,-0.531318042944618,-0.780307187018783,-0.3298815499724,0,-0.462753828023054,-0.0588500592564425,0.884531269097405,0,-83.861302448817,-128.280890404005,-88.2820454121991,1
-0.708307125001312,0.62486080637978,-0.328405206550222,0,-0.534019707626992,-0.778571557185283,-0.329619895379774,0,-0.461653505802799,-0.058097263572293,0.885155775562513,0,-83.9286968469362,-128.327633977447,-88.2662408421288,1
-0.707297567200129,0.625966077110454,-0.32847615067769,0,-0.534652731742893,-0.777667997732449,-0.330724814188117,0,-0.462467905461235,-0.0583001843401243,0.884717195213858,0,-83.8486307337112,-128.226482229247,-88.4591116599402,1
-0.706641753514183,0.626557176250376,-0.328760931207995,0,-0.534535643126067,-0.777140963398555,-0.332150225521787,0,-0.463604692597502,-0.0589767922228245,0.884077188965807,0,-83.793249804562,-128.297690840608,-88.4487853022999,1
-0.706870496031354,0.6268556589136,-0.327698111443345,0,-0.533638535357002,-0.776690735373293,-0.334636181711064,0,-0.4642886753227,-0.061672118336734,0.883534133736498,0,-83.7969652878607,-128.295299209032,-88.3784952276005,1
-0.709359623962648,0.625185449465251,-0.325502643555867,0,-0.531821314876174,-0.777808126225162,-0.334933571265617,0,-0.462574200669869,-0.0644791181296692,0.884232732416726,0,-83.8244213259777,-128.210539389241,-88.4269589355067,1
-0.710380089618553,0.624385910605294,-0.32481124760679,0,-0.531636920470821,-0.778458195346204,-0.333713957906711,0,-0.461218271848263,-0.064382101812586,0.884947821338237,0,-83.861520351783,-128.205200770466,-88.3380707563203,1
-0.71137130387477,0.623701340766447,-0.323956185537066,0,-0.53176864633617,-0.779037405999318,-0.332148967778127,0,-0.45953573840066,-0.0640114900106441,0.885849570103176,0,-83.8744154572002,-128.210758807835,-88.2672860819876,1
-0.71103299764204,0.624660410294489,-0.322849280125763,0,-0.531642921512302,-0.778080456833085,-0.334584561603247,0,-0.460204435140467,-0.0662601018850855,0.885336958924046,0,-83.9085109708977,-128.291241229406,-88.1730652438375,1
-0.709670772784239,0.628212648977753,-0.318929839409458,0,-0.533309721808654,-0.774810613225827,-0.339483757082562,0,-0.460378219666897,-0.0708333381940784,0.884892380290758,0,-83.8725492868842,-128.221918696113,-88.336781253088,1
-0.699924367563356,0.639837016604784,-0.317355634109383,0,-0.529032012816234,-0.76296939215634,-0.371487498015339,0,-0.479824084415252,-0.0921218552523655,0.87251501206933,0,-84.1159358150285,-131.261087300941,-97.4238028652665,1
-0.70075103460495,0.63876602756232,-0.31768847593732,0,-0.529468239699422,-0.764117055999245,-0.368494961849079,0,-0.478133242763671,-0.0900172513861176,0.873662122613931,0,-84.1093278698189,-131.238609930143,-97.4409229613573,1
-0.701379927133931,0.638398201146213,-0.317039110907561,0,-0.528592135187936,-0.764239386276344,-0.36949746055636,0,-0.478180294770038,-0.0915737378241737,0.873474566051938,0,-84.0871868695486,-131.249080941845,-97.4902102307724,1
-0.702105490265006,0.63774589956863,-0.316746328610813,0,-0.527277064136662,-0.764583757904558,-0.370662608945831,0,-0.478567650362798,-0.0932311564382541,0.873087056856406,0,-84.1048131780396,-131.236450018059,-97.464647470299,1
-0.70278935614507,0.637066599671334,-0.316596129823286,0,-0.526949071696621,-0.76515805475124,-0.369942779211704,0,-0.477924273692,-0.0931618333659788,0.873446744690862,0,-84.1444172404011,-131.228602828173,-97.3070440975755,1
-0.702727427128186,0.636447724320929,-0.317975355045004,0,-0.526974092830185,-0.765896866737661,-0.368375049770166,0,-0.477987790787109,-0.0913024672272186,0.873608321384987,0,-84.1291438432644,-131.271671609595,-97.4068750863405,1
-0.702162178193775,0.637759668637132,-0.31659248037502,0,-0.528192791574975,-0.76473195863623,-0.369049219725444,0,-0.477473097483162,-0.0919105407230664,0.873825996368841,0,-84.1477959042631,-131.187295377967,-97.4319104229212,1
-0.700788650493059,0.640471840536802,-0.314151456041408,0,-0.530794816831696,-0.762368215057797,-0.370204820495289,0,-0.476604847682962,-0.0926853773948904,0.874218080022169,0,-84.1009008122788,-131.248526285717,-97.4781996452434,1
-0.701092235860863,0.641280549045619,-0.311815507431702,0,-0.531415562105846,-0.761461692430048,-0.37117860543591,0,-0.475465186946521,-0.09452684148861,0.874641368205182,0,-84.1513050894692,-131.258178930545,-97.4578897561769,1
-0.702754283620145,0.641588874755025,-0.307408632880141,0,-0.531404956510632,-0.760682423416304,-0.372788081081427,0,-0.473017032029937,-0.0986199608031249,0.875516403005649,0,-84.1867088928657,-131.215221072121,-97.4206491786294,1
-0.695800710368412,0.71822940073947,-0.0028285868350826,0,-0.625855992072454,-0.608234639852651,-0.488216106822275,0,-0.352371600670249,-0.337930838751092,0.872718181858484,0,-84.2881204083648,-126.76515605013,-103.800731046289,1
-0.690597694733078,0.723228563573255,0.00390601436363866,0,-0.634860787195393,-0.603612162709831,-0.48229048740958,0,-0.34644853122331,-0.335548489956337,0.8760026353754,0,-84.3062515177283,-126.782502054937,-103.832372029626,1
-0.687736847813768,0.725881615590153,0.0106656829445211,0,-0.63932796728451,-0.598640734438037,-0.482585660446875,0,-0.343915155270763,-0.338710791583162,0.875783839831676,0,-84.266819045933,-126.802084944881,-103.807453213496,1
-0.686351047503092,0.727149406804529,0.0132697399512086,0,-0.641341256431972,-0.59655221346009,-0.482500721455244,0,-0.342934028351284,-0.339675292044735,0.875795056604352,0,-84.296184520457,-126.793938789146,-103.868299991821,1
-0.682638217043047,0.730398886614085,0.0228547964268458,0,-0.648545298489615,-0.591132042751613,-0.479532856958482,0,-0.336740064915955,-0.34216981871312,0.877226252628969,0,-84.3430813404469,-126.742454027292,-103.852841133766,1
-0.680412049440615,0.732358167431653,0.0262878153502976,0,-0.650882313014798,-0.587454028189694,-0.480884643616606,0,-0.336736907368833,-0.344309992282292,0.876389698124334,0,-84.3161419971607,-126.771189536193,-103.885996446705,1
-0.674868923616564,0.737256419941173,0.0317003295215952,0,-0.660468679677363,-0.584302955063361,-0.471562501768575,0,-0.329139891904291,-0.339179940750766,0.881262676553345,0,-84.3388026213375,-126.845254683564,-103.748178795723,1
-0.672259893558968,0.739529875012585,0.0340904826620853,0,-0.664572095633375,-0.582549014765656,-0.467953561005279,0,-0.326206255532244,-0.337242005465455,0.883095292044314,0,-84.3607882772364,-126.856077450974,-103.67943751995,1
-0.667523111796253,0.743608975650045,0.0381909495475691,0,-0.673217511874374,-0.580831384800796,-0.457616706540737,0,-0.31810538588941,-0.331180548153737,0.888328991646712,0,-84.3452879069955,-126.866397025902,-103.706425174837,1
-0.663734760974682,0.746866426364647,0.040582109409362,0,-0.678895851025554,-0.578781185799096,-0.451788580579679,0,-0.313937560058952,-0.327418814968271,0.891201532935892,0,-84.2743626151598,-126.818239182402,-103.915000705835,1
