-0.0752411200627144,0.931162587369847,-0.356211854282384,0,-0.996510628087858,-0.0596265691333063,0.0546566905263576,0,0.029635768448215,0.359094500559331,0.932802093320336,0,-136.755415323092,-277.471419246177,10.0682866545885,1
-0.100548864621618,0.930431262456432,-0.35105045459144,0,-0.991277145022219,-0.121797774838256,-0.0388313997304435,0,-0.0789996514674013,0.344137263733132,0.935539943164859,0,-140.010727048481,-241.342250011765,17.0157868751892,1
0.298574055800761,0.928555294079947,-0.218373846591058,0,-0.846045522468766,0.152147205104638,-0.510084179779569,0,-0.440569241311911,0.337161406700926,0.831906436018558,0,-160.546145201634,-273.640844765499,61.4161955793618,1
0.807681421902245,0.573202810845609,0.135650440324542,0,-0.405121075966937,0.707681906833662,-0.578313501003078,0,-0.427637449584355,0.412285272369223,0.804405446824598,0,-163.94306293029,-283.472323259783,33.4757684496419,1
0.594858325434721,0.765330063462689,-0.244261754691259,0,-0.785211053663279,0.489775027758537,-0.377880382034015,0,-0.169677053652658,0.416634193917371,0.893039263958982,0,-188.536876277586,-290.046456283351,53.1942955209236,1
0.641564428676595,0.737846682366204,-0.207352146523329,0,-0.746366834786415,0.540121601708565,-0.387584872772922,0,-0.17411699600512,0.40353206146885,0.898188048299412,0,-180.297891332842,-288.364687502819,55.3891536495646,1
0.647067731208864,0.736978650550322,-0.193790211342081,0,-0.739345399958967,0.545623828714109,-0.393775348058461,0,-0.184547908855253,0.398196739931908,0.898524859617414,0,-181.608049939275,-288.738098796808,55.3267677587501,1
0.644048779427827,0.738071338750179,-0.198458110184268,0,-0.742279377424074,0.542324042885985,-0.392230798164163,0,-0.182012469790707,0.400058483254804,0.898176468314704,0,-181.414434352875,-288.641914667123,55.2426399081958,1
0.634717352545268,0.743483471600734,-0.207098459736639,0,-0.751152254156262,0.533650002401329,-0.386668987705043,0,-0.17716384116352,0.401177374218886,0.898626304916302,0,-180.977541222658,-288.592357962132,55.1533800507079,1
0.62144315033075,0.752692496780415,-0.216153391241034,0,-0.764562552402404,0.523507213182777,-0.375286189595449,0,-0.169390683245982,0.398542066386083,0.901341114118595,0,-181.634885481224,-288.836274999206,54.9475507716966,1
0.621938923820162,0.753732283332006,-0.209261982042316,0,-0.76259492580952,0.524785465966875,-0.376510085504121,0,-0.174141312903656,0.393940991395458,0.90243238795909,0,-181.494309026117,-288.722651713864,55.3043261014554,1
0.616753351727184,0.756449279613498,-0.215090068531845,0,-0.76729344916675,0.51898693804506,-0.375191180897854,0,-0.172339857105865,0.396564772370749,0.901621225331864,0,-180.597857019447,-288.481129661089,55.3698384721299,1
0.602637242541704,0.760154782685628,-0.241304110255737,0,-0.782730751316063,0.505826866143271,-0.361510921034139,0,-0.152846221901545,0.406827579218832,0.900583247004858,0,-174.680924288968,-286.250635243259,56.2790733580005,1
0.587868383967996,0.769213113162065,-0.248561028836407,0,-0.794096551682949,0.49212298757403,-0.355335143282026,0,-0.151127174157907,0.40638593080342,0.901063283154294,0,-176.104913794702,-286.824783012635,56.0184011371587,1
0.583206682546745,0.774897363232038,-0.240948768605786,0,-0.795616055358928,0.487758187034471,-0.357370182815061,0,-0.159575805488671,0.400293268496738,0.902314804011526,0,-178.287912509876,-287.628698330067,55.5913962682309,1
0.576169462714045,0.780605492396233,-0.240550383946512,0,-0.799964810836593,0.479847209813907,-0.359116685846295,0,-0.165011970263917,0.399431886343535,0.901741872110964,0,-180.397813969736,-288.364593710167,55.3769937159714,1
0.576699725420178,0.776340999261396,-0.252266461391181,0,-0.802502979277258,0.482812121845833,-0.348960702279243,0,-0.149257185159323,0.403806116073158,0.902522334967936,0,-175.383939058286,-286.500310677771,56.266033533811,1
0.575080367991118,0.777758156013674,-0.252262970922011,0,-0.80413864420196,0.482278165728567,-0.346415661934897,0,-0.147866702040564,0.402142408229238,0.903511448882621,0,-175.47867290213,-286.334201816219,56.7962530481411,1
0.575209011194881,0.783561060116726,-0.231999845884372,0,-0.800702455515613,0.483859905732978,-0.351267734783569,0,-0.163162139563712,0.387983266106517,0.907044347442887,0,-178.846140389469,-287.744307646371,55.80908919187,1
0.569861366346079,0.787425052200567,-0.232694529677087,0,-0.803656787183423,0.476964344707747,-0.354324969655907,0,-0.168163437657605,0.389040619656072,0.905684425886516,0,-181.141903917974,-288.485278801408,55.5658382663512,1
0.570702820420615,0.78494740374626,-0.240243677810736,0,-0.804797733147721,0.477395547055882,-0.352069941534219,0,-0.16171697567703,0.394355040847865,0.90460236651942,0,-179.18323780086,-288.050444447965,55.4244618969819,1
0.567414046882743,0.784169046067772,-0.25013590601934,0,-0.808982442969705,0.475332010811137,-0.345033707745887,0,-0.15173115407333,0.398226616712821,0.904629998341297,0,-176.747806206475,-287.123127542864,55.8802976786244,1
0.572395943397236,0.786203171224294,-0.230824114876955,0,-0.802573418914289,0.481301179541905,-0.351054139587779,0,-0.16503426180651,0.386307995581203,0.907436754703033,0,-178.828451068195,-288.005709691745,55.0134339220056,1
0.565141969661946,0.791422734884813,-0.230363577430217,0,-0.805765076554141,0.471726952945318,-0.356365311976028,0,-0.17353173148565,0.38714131507433,0.905477660518837,0,-182.428773047081,-289.217251240682,54.1402898137644,1
0.562559428852683,0.793285514797005,-0.230649321159736,0,-0.80691214339139,0.467881133920849,-0.359077683619007,0,-0.177075415176724,0.388229309601691,0.904335452775857,0,-183.583750847409,-289.801014264947,53.0394551380484,1
0.569092911414239,0.786578315090237,-0.23798657331845,0,-0.80549859567374,0.476644270967644,-0.350959517035872,0,-0.16272962568551,0.391509774530938,0.905626480694664,0,-177.986363265108,-287.996498205013,54.3637882164544,1
0.566060344744343,0.786567041761396,-0.244575296316283,0,-0.808835736074556,0.47475998295656,-0.345377669276529,0,-0.155691811614069,0.393439267168945,0.906011221406456,0,-176.85936291208,-287.508738560419,54.6141313580165,1
0.560421666693467,0.794572762492035,-0.231040143623382,0,-0.809617993484263,0.468963140178908,-0.351242502103525,0,-0.170898971872926,0.38405097051872,0.907301845334744,0,-181.10635930302,-289.26741482023,53.2313635117848,1
0.555234403754308,0.797943251142205,-0.233101202704414,0,-0.812857685201853,0.462497809151631,-0.353102335046194,0,-0.174036918286332,0.385611477778211,0.906065469144934,0,-183.986424479512,-290.088920554949,52.4916139739034,1
0.550942520443638,0.797559978863987,-0.243574121521447,0,-0.817169981072296,0.458216634368542,-0.348161318823787,0,-0.166206087558574,0.390986205002287,0.905213436639297,0,-181.92282841811,-289.545528046944,53.1804334595859,1
0.538470845514082,0.801235506318778,-0.259556756233063,0,-0.828523950047212,0.448649510412796,-0.333983585413789,0,-0.151233496936551,0.394993938442958,0.906119710282372,0,-178.753794697827,-288.429491313098,54.073009736371,1
0.537762799923371,0.805286706026346,-0.247990828490433,0,-0.826479580197975,0.446915551297033,-0.341103233812478,0,-0.163964129376959,0.38849004941977,0.906705716290311,0,-182.101595754168,-289.612472765842,53.0066441823553,1
0.537251548345652,0.808057964993595,-0.239921522622553,0,-0.825319988001247,0.446496098000315,-0.344437137576442,0,-0.171308482389158,0.383190444636231,0.907611928592159,0,-184.145286572986,-289.978227866097,52.7745720637372,1
0.530903155428534,0.808503506054791,-0.252113177544607,0,-0.831703734725583,0.441690679943209,-0.335058330855991,0,-0.159646837462256,0.387720154790412,0.907815409102071,0,-180.809002426209,-288.676276436679,54.8575429398115,1
0.527902427490427,0.808108893963476,-0.259377114782334,0,-0.835691034152175,0.441784204073219,-0.324643942865485,0,-0.147900557736496,0.38821498009621,0.909559521506483,0,-176.155187535864,-286.599556870934,56.4945515857492,1
0.528224901363853,0.808904311356506,-0.257061276819802,0,-0.835598540518043,0.442568320829111,-0.324509399190461,0,-0.148812372448788,0.386252031356889,0.910272619899206,0,-175.948115817742,-286.405869792553,56.9195141732437,1
0.536686598880987,0.806396632075717,-0.246088478138722,0,-0.829679710879614,0.45340171634064,-0.323869437386826,0,-0.149738596309024,0.378123007376281,0.913512319267517,0,-176.808465066484,-286.726205870313,56.6696251161839,1
0.538069294045067,0.805425479255157,-0.246487227362561,0,-0.830196794782397,0.457832020791622,-0.31641033732074,0,-0.142126350239389,0.375004435279878,0.91601804346521,0,-176.676509224897,-286.201096589035,57.8980514994016,1
0.525161391569246,0.811335291972151,-0.255890145793099,0,-0.839476719781064,0.445493394851075,-0.310397661165635,0,-0.137889707037795,0.377902250098533,0.91550617649894,0,-176.522507412608,-286.185206036553,57.97421948798,1
0.503845660859384,0.8230770390108,-0.26032964084631,0,-0.850948603991953,0.422910151680321,-0.309972957257347,0,-0.145155672446067,0.377802697458403,0.914391629247452,0,-180.412971867823,-287.011310965264,58.134830121289,1
0.493440055268384,0.825712032680178,-0.271358294024299,0,-0.857792440070606,0.412490625080998,-0.30481380517068,0,-0.139895418354566,0.383292332579029,0.912915180376143,0,-179.115806690018,-286.37832334043,58.6675791327004,1
0.478252511327863,0.828453569086623,-0.290100139833703,0,-0.867713997626423,0.396426995322174,-0.298497275264473,0,-0.132379427166593,0.394580980126594,0.909236324410129,0,-177.299476364855,-285.979461562613,58.6589078503223,1
0.453177416326721,0.833938048723763,-0.313451008247633,0,-0.882456885937776,0.372063154695705,-0.286080185653786,0,-0.122066950914162,0.406342916635223,0.905469593047803,0,-175.811747206757,-285.946671664918,57.8637843561687,1
0.451360106307604,0.840509961145899,-0.297736924352345,0,-0.881460352132259,0.370370614079035,-0.290874955151444,0,-0.134360334206143,0.393849717323106,0.909232777103184,0,-177.736429574019,-286.709711102706,57.1401544155663,1
0.441210256482355,0.841748757050574,-0.310072683493184,0,-0.887745368236182,0.360174776806051,-0.285501309322864,0,-0.128702977096556,0.401334324233937,0.906816505762542,0,-177.087953642532,-286.642889468934,57.3900281750107,1
0.399394965201945,0.847981721108966,-0.346943341278173,0,-0.908698303039707,0.318508177501559,-0.267723863836877,0,-0.116649385997205,0.422294913806059,0.898843304681442,0,-175.81181453316,-286.107755070466,57.4062370956051,1
0.395273188468213,0.851596774916128,-0.343543790562572,0,-0.910018768408939,0.313311014038933,-0.270450784378958,0,-0.122734743892429,0.419598100761702,0.899341131124629,0,-176.620490268372,-286.471796354692,57.406498394796,1
0.398642750364693,0.849501525331693,-0.344311602438417,0,-0.908016041710312,0.314847659986358,-0.274607267255504,0,-0.124987076676674,0.422190455066109,0.8977812533207,0,-176.060185022935,-286.277460930685,57.2517780224578,1
0.392088469065676,0.844930571408711,-0.362372745067887,0,-0.913904609676435,0.315647210735997,-0.252977537184453,0,-0.0994790428436781,0.430481948111492,0.897023805822837,0,-169.288471517788,-281.976468565928,60.0049642956501,1
0.388449427152265,0.848323459578977,-0.358831935556513,0,-0.915659643862729,0.313600556734461,-0.249918881969222,0,-0.0995589232495629,0.425724387419975,0.899308870909696,0,-168.711673153883,-281.255014928873,60.4346838446234,1
0.38287320684349,0.853761970349159,-0.352101239319319,0,-0.917177285379624,0.307053357138513,-0.252856624598669,0,-0.107820353534333,0.419813714491149,0.901149089033115,0,-171.11613100345,-282.850361615829,60.1308489983776,1
0.381804469583723,0.853433181074918,-0.353640561445507,0,-0.917065482040815,0.304245473094854,-0.255965620488308,0,-0.110961498766011,0.422110297016419,0.899663298118219,0,-170.689984095973,-282.942918194503,59.5359904157863,1
0.376211951746222,0.849973163656229,-0.367995047469086,0,-0.921763872102248,0.304878391012766,-0.238213319150587,0,-0.090346637310942,0.428884111833657,0.898785079726283,0,-164.628742151371,-279.127466734289,59.7328738556514,1
0.3609041038018,0.855589682498667,-0.370274284535689,0,-0.927588529794369,0.289965859123656,-0.234149751902096,0,-0.0930313835894953,0.428037534128008,0.898916039483787,0,-165.972772478306,-280.261351518146,59.5622403893899,1
0.251799076069103,0.866312423087064,-0.430595200302704,0,-0.963179766985168,0.183089567005847,-0.194934735970891,0,-0.0900786115031103,0.463922726369312,0.881227232677328,0,-158.805695930927,-276.343624484244,56.4375259992169,1
0.244998619002439,0.866168059498589,-0.434578433513571,0,-0.964920909993962,0.176975892544561,-0.191306806368244,0,-0.0888834653647127,0.466292137772489,0.88006437166089,0,-157.590954620616,-276.947579951819,53.4956551866337,1
0.247661305869407,0.869142117044958,-0.427089446077377,0,-0.963887358953699,0.179048380391415,-0.194626201786586,0,-0.0927801835568084,0.459950607689535,0.88299863306106,0,-155.699800867958,-276.055870391938,51.319615100238,1
0.24918242207053,0.872661847342055,-0.419269803455351,0,-0.963163079889928,0.179758415082251,-0.198323622944384,0,-0.097768741255723,0.453298393978372,0.885924014314301,0,-154.744228249562,-275.357448162145,50.3247243274218,1
0.252959987029232,0.868566841598104,-0.425379871614453,0,-0.962434223664813,0.183046516098623,-0.19861625347474,0,-0.0947276649508863,0.459697790636969,0.882939599136339,0,-154.190310254296,-275.184564072512,49.9185522442579,1
0.25471573684014,0.86696896998169,-0.427420397626674,0,-0.961931052363162,0.184256056167035,-0.199567616206583,0,-0.0943410754899097,0.46206954325103,0.88173486573368,0,-153.851553933565,-275.33491351171,48.9790292385044,1
0.265952393184905,0.86074481089544,-0.433036817467402,0,-0.958502064408079,0.190827858154926,-0.209433203765223,0,-0.0977176012225998,0.4708624368036,0.876689834404145,0,-152.119210257801,-274.86874727175,46.5688507016107,1
0.26587493803874,0.863574155343998,-0.427443234951528,0,-0.957363565807828,0.186763824172437,-0.218242924550927,0,-0.108706868187976,0.467355335959242,0.877284855926553,0,-151.1350032053,-275.003665180265,44.98392580581,1
0.268731036735765,0.864030763336536,-0.424404890541696,0,-0.955212134940988,0.185068703395652,-0.228166327079484,0,-0.11870474136828,0.46684777076706,0.876228890639028,0,-150.0000458769,-275.091410416091,43.1164800878705,1
0.283264037375614,0.851757656364211,-0.439769656429518,0,-0.951472721587843,0.194425621640025,-0.236384630017683,0,-0.115939738151214,0.485476687861025,0.866424987359059,0,-148.653830245328,-275.290243259467,42.6957409560275,1
0.294008617064414,0.849046331477739,-0.43786320929293,0,-0.947463716913513,0.200931538699321,-0.246673755939746,0,-0.121549387200282,0.487502178133899,0.864515999939119,0,-147.068670153427,-275.134878301916,41.3930083069934,1
0.302272291411915,0.846326644428141,-0.437616298174353,0,-0.943629775978792,0.202860692101143,-0.259579759178401,0,-0.131039372333382,0.491469518946701,0.860861486810269,0,-144.519220451788,-276.182844743605,39.7171119743405,1
0.306477166642549,0.843287520103581,-0.440792699563568,0,-0.940674606388756,0.198982590944573,-0.273455065274805,0,-0.142977181923985,0.498504017834948,0.854927444627556,0,-141.856479653451,-277.760116770871,38.0203274300095,1
0.311940728135656,0.83960670214626,-0.443601682766956,0,-0.938136077741094,0.200503447576539,-0.280341646013997,0,-0.146530728248868,0.503734848423219,0.851223348396583,0,-140.419867347299,-278.385336283872,37.7394156749081,1
0.319873239845352,0.837508433492993,-0.44240198070891,0,-0.933542914502334,0.200043383642199,-0.296378814565276,0,-0.159792908914973,0.507852101652585,0.846415739960689,0,-138.113710984651,-280.251719523769,36.2835743748608,1
0.316894446289306,0.836473507633065,-0.445948598643786,0,-0.933467708250319,0.193872263813115,-0.299837684429762,0,-0.164447845939099,0.511441636138378,0.843311796188182,0,-136.974371609829,-281.127584733923,35.4131179063554,1
0.316520168587809,0.837097763590514,-0.445060426881039,0,-0.933146406406382,0.192494423004587,-0.301743194271587,0,-0.167017685916395,0.510952551391235,0.843102543371232,0,-136.030422666206,-281.525597587978,34.5422408863294,1
0.311519585466535,0.835692750004869,-0.45137085990523,0,-0.934256322212916,0.184328437759892,-0.303659819030131,0,-0.170667929030868,0.516381477540809,0.839058206170456,0,-135.267426011805,-281.964321347748,33.7783449711051,1
0.311245959131785,0.839289582942969,-0.4448979866524,0,-0.93495482344755,0.188097255074882,-0.299357617797366,0,-0.167627361705632,0.50926377807316,0.844041650273348,0,-135.548296813238,-279.136168233243,35.2177549488617,1
0.311610940794877,0.841331749036188,-0.440848623062949,0,-0.935572139610009,0.191920872605784,-0.295130202457892,0,-0.163743018212125,0.504541828453592,0.847648675036396,0,-136.989024319897,-277.374991120408,36.425473863811,1
0.312108502457153,0.843268633512438,-0.4368423742864,0,-0.935571227987645,0.194130780063803,-0.293777703501903,0,-0.162979696399719,0.500499382217725,0.850192111924606,0,-139.799773620844,-274.765334901075,37.9916935402998,1
0.311563721321648,0.845393463430128,-0.432647911993907,0,-0.936081645892812,0.196908659346959,-0.289492281618336,0,-0.159641344051321,0.495342515501267,0.853790118855645,0,-142.436738700456,-272.103936608107,39.2354036705703,1
0.311473376469713,0.846063704974082,-0.431767525009193,0,-0.936877016881391,0.198959189029722,-0.286091935293018,0,-0.156221840736842,0.49372262712737,0.85539085061176,0,-143.905969108524,-270.511849095658,39.9523994314859,1
0.310559948736219,0.847242760522087,-0.429805751186027,0,-0.937519617275181,0.200485922160464,-0.282354089909002,0,-0.15316432291663,0.490756488234061,0.857613161795574,0,-145.158951553734,-268.593258776652,40.728635704028,1
0.308592671729346,0.850598245350161,-0.425330128149424,0,-0.938458779721597,0.200032675242268,-0.280894690104756,0,-0.153877535174298,0.48589195071817,0.860334104699088,0,-146.572111206172,-268.318871235234,42.0917475326526,1
0.30983781264779,0.848879390954879,-0.427071868721425,0,-0.937635737644338,0.2004652938495,-0.28193673548233,0,-0.153839594632041,0.487899495515172,0.859116061896206,0,-146.939939385598,-267.700523126057,42.3857894491548,1
0.303548678730009,0.851199768147555,-0.426876225056074,0,-0.941159084838971,0.200367240747725,-0.269859810972369,0,-0.144295012655814,0.483798372850116,0.863080244166535,0,-148.148612775963,-267.458084229267,44.444066482655,1
0.299684331127988,0.854587972806242,-0.423432736574654,0,-0.942372290281957,0.197191770497731,-0.269059457922308,0,-0.146505422824662,0.479724655933586,0.86503712378516,0,-148.612286461074,-267.705575167566,44.9429693260472,1
0.293713000762655,0.861160802736951,-0.414447126408772,0,-0.943848186312004,0.193389936276709,-0.267100645928081,0,-0.149902778680087,0.469675696526265,0.869985397480578,0,-149.070592756184,-267.956726849581,45.510218784706,1
0.289111088819192,0.870066442715893,-0.398506501640845,0,-0.944661787141595,0.192984790081049,-0.264058365678805,0,-0.152898795880922,0.452880393824906,0.878316320536941,0,-149.402052723774,-266.89796453741,46.7192445608371,1
0.275905638119043,0.891446329522055,-0.358325353945321,0,-0.945225905818489,0.185158290988315,-0.267249667532856,0,-0.171968893999212,0.412561717905335,0.894507581442092,0,-149.318155257622,-266.476896030704,46.4615173802874,1
0.264155237210761,0.907158290730586,-0.326310896825111,0,-0.94538095052929,0.17754611954615,-0.271804809463189,0,-0.188736351387728,0.38037990997348,0.90532445788754,0,-149.264683221279,-266.461736641432,46.2477201082231,1
0.234211331357373,0.867749765027329,-0.437381217307588,0,-0.963530522936247,0.149279434420539,-0.219867034419611,0,-0.125588088408854,0.473018445748403,0.871965499726799,0,-153.956378703579,-271.821192028454,53.5151250990139,1
0.232571383849263,0.867541301554926,-0.438817776047698,0,-0.964044651629202,0.14770914031303,-0.218981182742781,0,-0.125246461852182,0.474034026216991,0.871470521977171,0,-154.136311562499,-272.394421551608,53.3649656125372,1
0.229729632157926,0.868659619315411,-0.438053605947582,0,-0.964182361747096,0.143584581633692,-0.220987970601486,0,-0.129163495921725,0.473195967810452,0.871347892322205,0,-154.057422526752,-273.16491508364,52.3344438326428,1
0.229035537495762,0.86448007378076,-0.446588945605001,0,-0.961740245105484,0.131685679530469,-0.238406087416268,0,-0.147357490391737,0.484210723933182,0.862372329089614,0,-152.787502225251,-275.23206261495,47.4758023277059,1
0.240976348534037,0.860191109639564,-0.448421544123386,0,-0.956062447167137,0.132692974947204,-0.259352712310797,0,-0.163700926966908,0.491311972052146,0.855346214531605,0,-150.72466161149,-277.503193562066,42.779808746981,1
0.248003775973541,0.856316082424239,-0.452006020976223,0,-0.953516543762288,0.135057765737887,-0.267425731984586,0,-0.168054998442455,0.497424034582329,0.850960665054951,0,-149.550629111049,-278.661720533209,41.0378360642219,1
0.249451613399782,0.854149594545395,-0.455269252513572,0,-0.953201658941457,0.135407555027797,-0.268356568683162,0,-0.167656223207157,0.501037353284481,0.848921802178395,0,-147.260055077835,-279.93751458915,38.972045852797,1
0.248089632633361,0.85162676870861,-0.460937910605036,0,-0.953451460670046,0.131862725338769,-0.269643204997507,0,-0.168932517695185,0.506465199164958,0.845455913351153,0,-144.639195207835,-281.907345306708,37.1191184276586,1
0.250162615132056,0.848917346162512,-0.465086366357761,0,-0.954081584290426,0.135232918364183,-0.266398676932796,0,-0.163265766065293,0.510476915456482,0.84421238540865,0,-143.403961534543,-282.323888559198,36.6887844688179,1
0.247767935143214,0.847564577611068,-0.468442682969927,0,-0.954360549721216,0.131960013369478,-0.266131413375186,0,-0.16384262661915,0.51308891195424,0.842437410642271,0,-140.701882052079,-283.684924818473,35.3389843163998,1
0.244843874117349,0.84735442689705,-0.47006859608551,0,-0.953976876054137,0.126083961966328,-0.269764330749843,0,-0.169431878847822,0.514618151937581,0.840364070334142,0,-139.21773898166,-284.190888147281,34.3997459917948,1
0.245892370442305,0.841144742501512,-0.481290018162626,0,-0.954744506137354,0.125225251034418,-0.268978192433837,0,-0.166014116712829,0.525701079058596,0.834260846415525,0,-138.994879179021,-284.457249564973,34.5698473557698,1
0.245717237900242,0.847777372881909,-0.469646105606597,0,-0.95363910006126,0.125211163984281,-0.272963503466241,0,-0.172643655729591,0.51498422668837,0.839588066051483,0,-137.805475458544,-284.330692175182,33.6399923806125,1
0.245127994493173,0.847132072427199,-0.470781803163579,0,-0.953638716856351,0.124475471362821,-0.272649267715959,0,-0.172430579683403,0.51587882379589,0.839043485360616,0,-137.907402830905,-284.031031455478,33.6970552585294,1
0.245780845810985,0.849406717169286,-0.466360805020331,0,-0.954044695599381,0.128051544508571,-0.269653080100837,0,-0.169378864088593,0.511295816607664,0.842474086728646,0,-138.141676893945,-282.19189686558,35.0286544206481,1
0.24823202505977,0.85506460720017,-0.454145920152753,0,-0.953603757805473,0.135158419315238,-0.266886020052404,0,-0.166926001885986,0.499451517452993,0.849986535863604,0,-140.188907869438,-277.436982151365,37.0225149829037,1
0.24780462382485,0.855961204282673,-0.453085878325196,0,-0.955115889010121,0.138684565633551,-0.26045156527787,0,-0.160133135158705,0.497412230090036,0.852549397008655,0,-142.957257313623,-274.104063503107,38.5564786914238,1
0.246895119264994,0.855483103704449,-0.454372443362859,0,-0.95580209604445,0.139209238809185,-0.257348828677483,0,-0.156970424137587,0.497932997030256,0.852807930988261,0,-144.4438150095,-273.214525744265,39.5523108465768,1
0.623348290460015,0.753050071865851,-0.208055481480786,0,-0.59394499728159,0.283958369298357,-0.752214362538187,0,-0.507523728607335,0.592686867474186,0.625096262606096,0,-152.216142281727,-299.893398167089,19.9466856250219,1
0.617140935014736,0.762519020750167,-0.190880210298876,0,-0.609448051448994,0.310970369762785,-0.728627082877342,0,-0.496424661609869,0.566300519665517,0.65763353092122,0,-154.548007255376,-297.17738180809,23.1791902466398,1
0.615126282209028,0.765200371256506,-0.188179085651215,0,-0.602226740200219,0.302574471146623,-0.738409879098576,0,-0.508198945065592,0.567721415348931,0.647478036438347,0,-154.79492254221,-299.005027408502,20.9327413064266,1
0.618739181414366,0.765900315238658,-0.172238958648834,0,-0.592263975811546,0.311586287143557,-0.74264857099576,0,-0.51524487198852,0.56162711035536,0.647098182542876,0,-154.245086704849,-299.892818876267,19.4786672853036,1
0.619794943134705,0.764417538139982,-0.175247454293082,0,-0.604663350171035,0.323630305813085,-0.727378320211549,0,-0.499411649491916,0.556884839255611,0.663438234053074,0,-153.405337472621,-297.287864405377,23.3028627111364,1
0.616351106564877,0.764174260673728,-0.187753743638002,0,-0.612304547887337,0.316039842226769,-0.724261332736478,0,-0.49424553930648,0.561490098807968,0.663411500288911,0,-153.267850340194,-297.103043964193,24.0253725752084,1
0.616668738635321,0.762133963466573,-0.194853373436049,0,-0.606128230703978,0.302643709310072,-0.735108990624917,0,-0.501397592479546,0.57153514398008,0.649289681976296,0,-151.290042942593,-300.084731574291,19.5740998219844,1
0.619085909816689,0.761936878428899,-0.188421863248178,0,-0.606954685283928,0.312635182049496,-0.730313021370449,0,-0.497643510955827,0.566626310556716,0.656548676055141,0,-150.73741769193,-299.677944639522,20.4590317258853,1
0.616652993850358,0.76508610275613,-0.18245880958785,0,-0.617299396366427,0.327138556593227,-0.714889115652538,0,-0.487430466759015,0.553731819933733,0.674896880468898,0,-151.465692500135,-297.556855243425,23.3783929947163,1
0.617864364594275,0.763663911120907,-0.184605617554998,0,-0.623298357406045,0.333589530082473,-0.706747901756071,0,-0.478268485903073,0.5518695956746,0.682897597772196,0,-150.878810373857,-296.880248725057,23.9550302157099,1
0.622986136372874,0.75888034933076,-0.187400099308288,0,-0.60804035937131,0.319953700121174,-0.726138460620344,0,-0.491214213390336,0.566470847490324,0.661447095731924,0,-149.524967553903,-299.768932975893,19.9411943310563,1
0.620312702798936,0.761890597055938,-0.184841617454296,0,-0.612155944098577,0.32346408207683,-0.721240669972702,0,-0.489805605973754,0.560694474637833,0.667500168222303,0,-149.724381460238,-299.037354834805,21.2122286814902,1
0.610233041546613,0.767486620134168,-0.193141210774937,0,-0.634329062387659,0.328579013541282,-0.699049001196306,0,-0.473234167623189,0.549345453728441,0.688390559498121,0,-150.711210521185,-295.7073856848,25.9781656891546,1
0.606755088638348,0.771375188209408,-0.189911578378883,0,-0.630632706753118,0.322390603299412,-0.705506695820064,0,-0.483109711215488,0.548060875336203,0.682686255216352,0,-150.802100541672,-297.02528610425,24.2935153543235,1
0.607012400863239,0.772709766262969,-0.181850520707827,0,-0.627006067745739,0.326412600208125,-0.706582376238949,0,-0.486827417123007,0.543183188738697,0.683752688951363,0,-150.707563892689,-297.150617177228,24.0607561461125,1
0.607125334014581,0.772914631603076,-0.181638266730601,0,-0.635976972773971,0.336615138155976,-0.693863539634669,0,-0.475300841175958,0.536947811380081,0.696751012095263,0,-150.663345430072,-294.94368449056,26.9371998177639,1
0.602231059183989,0.774618817272806,-0.190788448326726,0,-0.640000022059461,0.326461564847408,-0.695073849246994,0,-0.47626385230389,0.540879808232038,0.693084853555136,0,-150.388838527514,-295.783896995668,25.8930897767661,1
0.603653857365954,0.774196657301212,-0.188169927817023,0,-0.635751582845796,0.325797972505369,-0.69929935683361,0,-0.480218133102697,0.541969117868838,0.689530514147958,0,-150.436511315769,-296.696507565615,24.7456199898584,1
0.607033099338771,0.772318936994211,-0.183640297303084,0,-0.635903233742493,0.334766536782403,-0.694641731795528,0,-0.47520472461943,0.538714819959093,0.695408626869873,0,-149.416760992399,-296.040392399026,25.5439572454638,1
0.606360824491655,0.7720313259764,-0.188241601863668,0,-0.642504627651757,0.336977575716182,-0.687676722270754,0,-0.467620903630863,0.538211056817635,0.701073370859488,0,-147.976488872131,-294.994595339447,26.8693722683518,1
0.605588095981819,0.772180642439188,-0.189067454129862,0,-0.636306786770083,0.328416193394391,-0.697336803665945,0,-0.476561630195059,0.54284827231067,0.69125335647613,0,-147.697205614569,-296.517825842629,24.7273619262999,1
0.610007252508044,0.770077607560019,-0.182720962961719,0,-0.629160502609454,0.331924716382315,-0.701993282666823,0,-0.48017237672893,0.543546559997982,0.688189093490126,0,-147.772501421579,-297.285477986991,23.3461410727964,1
0.608852028698537,0.770177042728181,-0.187302071178854,0,-0.636231069152966,0.334070981617102,-0.694814327674284,0,-0.472719397295449,0.542455304255355,0.694266913086802,0,-146.913039587037,-295.474626040006,26.1774595048578,1
0.607876905553608,0.770075527847471,-0.191461848138787,0,-0.640845072606417,0.334199045172103,-0.690616482581803,0,-0.467972645263212,0.542746230539429,0.697319401151822,0,-146.389633427951,-294.945963032613,26.8252411049029,1
0.609945246880156,0.769169302053002,-0.187292815344491,0,-0.637269731561088,0.336902776022779,-0.692391908837188,0,-0.469647600319602,0.541887808904144,0.6967004703795,0,-145.701747354562,-295.597924475781,25.6254355975814,1
0.614975154382829,0.768222130233736,-0.175334685008236,0,-0.627558230366529,0.343053832521448,-0.698414794866883,0,-0.476523198999486,0.539720475359893,0.693807515858126,0,-145.422901359109,-294.390683210871,27.312417089028,1
0.618221395940548,0.766313586364416,-0.171987236746325,0,-0.626290917588831,0.349056908388258,-0.696550243131266,0,-0.473878462131921,0.538465605205489,0.696535086866267,0,-144.469284303909,-292.929152190588,28.8014408858928,1
0.615214727083431,0.767897380816139,-0.17560226229338,0,-0.631099606635714,0.347222968900265,-0.693080634102546,0,-0.471391571238202,0.537408643435068,0.699064197438707,0,-144.594946428753,-292.988661629775,28.8216947739045,1
0.614295468888756,0.768912938239052,-0.173669178686525,0,-0.626084391644936,0.342208246564474,-0.699951387180495,0,-0.47896029888286,0.538966047598013,0.692643853041387,0,-144.849357165387,-295.531770747038,25.6174346053378,1
0.613787206972499,0.769589007743115,-0.173848522670978,0,-0.626072616491868,0.341093727855117,-0.700773847289215,0,-0.480126190795893,0.539124913572159,0.691809262382873,0,-144.97361140052,-295.414104782219,26.0540687074788,1
0.610905196352445,0.768667507294838,-0.187168285440087,0,-0.636876333672991,0.337560089929784,-0.692587918293471,0,-0.469339827165555,0.542582920012954,0.696514574032515,0,-144.787131108776,-293.296890413228,28.7087492348546,1
0.603047465272991,0.772129006676755,-0.199097985512273,0,-0.649457651563747,0.330796595061907,-0.684360241112549,0,-0.462635816570629,0.542160265812104,0.701373309802104,0,-144.587512999317,-292.898664790866,28.8863411714801,1
0.601695215563106,0.773939333971732,-0.194377503585223,0,-0.648330626612146,0.33230185053641,-0.684321785247483,0,-0.465206124120068,0.537996142676975,0.70270400964825,0,-144.831783550087,-293.30927337566,28.4397556780505,1
0.603092795786796,0.772450934859549,-0.196889348092916,0,-0.645802792991659,0.328790601252241,-0.68861074451527,0,-0.467302033390411,0.542593729628909,0.697828762837935,0,-144.073982683054,-293.194440967425,28.5603954909914,1
0.60270731108652,0.770973893011651,-0.203884697008965,0,-0.653126142381641,0.330589567690163,-0.680801831695576,0,-0.457599652916289,0.543700731073377,0.703433857291082,0,-142.420931945367,-290.151602428454,31.5747200085145,1
0.600139512758428,0.773158877606293,-0.203656578115579,0,-0.654303651523613,0.328640901025436,-0.680754192109438,0,-0.459482943710799,0.541892501334478,0.703594164386539,0,-142.685599981629,-290.325033444742,31.4700362190824,1
0.596047332532842,0.776040235240163,-0.204283786410733,0,-0.646986910798835,0.314226768655247,-0.694308169344628,0,-0.474733692048838,0.546182612342502,0.690002403639306,0,-143.482100973947,-293.899291964361,27.4423225232563,1
0.592824546019826,0.775763272221288,-0.213589296181727,0,-0.650103498517838,0.305517368974515,-0.695059172431224,0,-0.474118469459061,0.551195528960444,0.686368952696738,0,-143.459730734374,-293.471672619356,28.1441580534065,1
0.592408272762922,0.775608160171751,-0.214912734272277,0,-0.654036139440678,0.308531732906178,-0.689945671410157,0,-0.469004648590663,0.549533172277938,0.691119274738012,0,-143.000532788759,-291.764078677833,29.8208158903517,1
0.595275246139801,0.773112204024562,-0.217636085626694,0,-0.654565683583092,0.3100326511363,-0.689161988519772,0,-0.465414525324744,0.552861386161811,0.691083771455385,0,-141.971863813619,-290.461157598968,31.1374713776661,1
0.595010210178342,0.774261141256466,-0.213937291105916,0,-0.654117555870683,0.312579388204271,-0.688387587555176,0,-0.466216103809034,0.549634807232433,0.693033999917583,0,-141.689706730856,-291.246952801977,30.1332562066486,1
0.598081522082746,0.77152873472182,-0.214636902405987,0,-0.648546718615192,0.309602474120708,-0.694838559741955,0,-0.469764860464973,0.554892211880609,0.686337132655861,0,-140.886331934413,-292.437250732271,28.3556409514304,1
0.595687184970846,0.773124005986546,-0.21629072743515,0,-0.651332880821572,0.30802682317563,-0.693087869157359,0,-0.469312766364761,0.553866976783622,0.687585491043377,0,-140.89800480315,-292.150786426649,28.6739113918379,1
0.594233948941865,0.772304641242851,-0.222258890643403,0,-0.656690724610112,0.307385299954147,-0.68808113832887,0,-0.463234666300043,0.555032258170993,0.690674947335164,0,-139.606203138673,-289.880392555771,30.621652044375,1
0.595118476532554,0.771142979408046,-0.22471018325907,0,-0.65904741376009,0.308965118550604,-0.685300515245953,0,-0.459138954169682,0.556114918568634,0.692649389835185,0,-139.062815120884,-288.740045319409,31.5512833587218,1
0.591272573888497,0.773917941856633,-0.224720203147511,0,-0.666081631998405,0.312519125369073,-0.676689973917902,0,-0.453606060326673,0.549960351823565,0.701066641855911,0,-138.921981668401,-288.118196274996,32.0523536765684,1
0.598224335730058,0.771006021405117,-0.217019565921138,0,-0.654560946870662,0.314524777896601,-0.687139378550682,0,-0.461614366542959,0.553237799349803,0.693305052772535,0,-137.270680944466,-289.417564595607,29.5733163117502,1
0.599505711411543,0.769692288616565,-0.218215753822582,0,-0.652907149898038,0.313175007812647,-0.68934930607334,0,-0.46232415730928,0.555844022077531,0.69073951660992,0,-137.24860506267,-289.46098098791,29.5259827394461,1
0.596327355350666,0.770357840199055,-0.223466580714384,0,-0.661231730105637,0.314633609614027,-0.680441452883132,0,-0.454007251621499,0.553655305746529,0.697845560807463,0,-138.249284579982,-287.783753278736,32.0703331597476,1
0.595548175383086,0.771210143096428,-0.223157743112962,0,-0.664376356253665,0.317457124986409,-0.676164594319514,0,-0.450733948968482,0.551140298252324,0.702064836951558,0,-138.242078447898,-287.683561729292,32.0080874180835,1
-0.251967529810711,0.901169977189189,-0.351876609213459,0,-0.576470074893892,-0.431845737198736,-0.693366816287122,0,-0.776905652212601,0.0282203190828908,0.628752815566062,0,-143.871442575544,-263.469049104182,40.7499273420362,1
-0.240935590451507,0.903519451513302,-0.353522964106192,0,-0.5713278846505,-0.426512557207983,-0.700861325238531,0,-0.784146060622912,0.0332135856766752,0.619431323345974,0,-142.633088213166,-263.25612426935,40.0978219207332,1
-0.236184137748032,0.904268457755665,-0.355071874144675,0,-0.566671499725106,-0.425053018943438,-0.705588399480827,0,-0.789080650353567,0.0346750450030849,0.613125164371839,0,-144.348881757482,-263.259426017924,41.1717166107796,1
-0.238857713073207,0.90334307700319,-0.355540920093084,0,-0.570087244446668,-0.426885375007979,-0.70168620565416,0,-0.785762303333308,0.0352039434878003,0.617315660770041,0,-146.096599181102,-263.531116767123,43.4114331410321,1
-0.237967317632013,0.905106606477107,-0.351671584141238,0,-0.571931885629992,-0.423247387076555,-0.702415349995167,0,-0.784708677424303,0.0340706904982728,0.61873080788568,0,-145.983455581174,-262.889654466369,43.5763474228131,1
-0.235483145407349,0.904551474160989,-0.354853110727815,0,-0.573243065451197,-0.424128635606051,-0.700858669062441,0,-0.784543429505651,0.0384370909390007,0.618711654225574,0,-146.399232253961,-262.5483763319,44.4463866623578,1
-0.22991650537879,0.906620006554074,-0.352444192153858,0,-0.565708821946752,-0.419187493860985,-0.709635595942564,0,-0.791267330787281,0.0363305482999843,0.609980461502465,0,-145.173653099553,-263.452990806928,42.6315695768217,1
-0.222544437233902,0.910185587072968,-0.348553322397705,0,-0.557650166793644,-0.412140854672988,-0.720228492399752,0,-0.799336270038723,0.0342286085444505,0.599666751640099,0,-143.794745618485,-263.546033865474,40.7707543959471,1
-0.222500826575906,0.91185754994045,-0.344063099819925,0,-0.550769369150447,-0.408790952696678,-0.727380610661422,0,-0.804048521280869,0.0277692088970476,0.593628627809031,0,-141.097552509479,-263.664565068423,38.892001161259,1
-0.218013698055963,0.911768186981173,-0.347123171407869,0,-0.540869528899907,-0.408964407465318,-0.73466701308145,0,-0.811942338677105,0.0276980836475445,0.58276849763468,0,-140.575023112906,-263.846476331636,38.7856389059918,1
-0.219934362708536,0.912174530833233,-0.345230008681835,0,-0.539493927942393,-0.408615390265451,-0.735988033119308,0,-0.812515402888609,0.0244793579771034,0.582242587229933,0,-141.873954870373,-263.319962786063,39.5368555309926,1
-0.224326564579849,0.907255722494099,-0.354480967220925,0,-0.531837676454312,-0.41882216919222,-0.735578599441673,0,-0.816014350519909,0.0236869173869343,0.577099599284295,0,-144.268049230618,-263.002728161344,41.2415391553307,1
-0.22365357313226,0.90636611081915,-0.357316750009193,0,-0.513922703156153,-0.421173860404431,-0.746970156810882,0,-0.827656517343639,0.0166717402689913,0.560562201466192,0,-144.598311558067,-263.030801979668,41.707567123811,1
-0.229878064473142,0.907630126903508,-0.350081921811288,0,-0.526895574430215,-0.41853740659585,-0.739349390874964,0,-0.817738395416082,0.014630441019132,0.575003327675261,0,-146.203578323964,-261.970934036676,43.7774481213246,1
-0.228623601303044,0.907110961085908,-0.352692312746883,0,-0.519615385342452,-0.420074890490971,-0.743786609601388,0,-0.822931964370279,0.01327066420777,0.567734538945677,0,-146.227999176788,-260.947699232927,44.570856805037,1
-0.233588325442029,0.904279490031843,-0.356774561358629,0,-0.514781123700701,-0.426333899396025,-0.743576187573331,0,-0.824617051293782,0.0100816550535889,0.56537735477178,0,-145.356778039322,-261.079188916578,43.4320262888607,1
-0.236103697983592,0.902443772421968,-0.359176513188398,0,-0.511322888807178,-0.429711674035546,-0.743867330759547,0,-0.825782215782284,0.00812869465710589,0.5634887610356,0,-144.703715775329,-261.13029223928,42.3970786601676,1
-0.241687749311908,0.901342732525408,-0.358161057305353,0,-0.513029105492581,-0.432024818322624,-0.741310723522219,0,-0.82307654508631,0.0047156323017217,0.567450384205652,0,-143.812157405975,-260.771004106411,41.4631178615496,1
-0.237744824689837,0.902663669412915,-0.358090431594359,0,-0.503315013418749,-0.429837695061741,-0.749371862813221,0,-0.830473685781879,0.00219799045966226,0.556808102917924,0,-141.736269849893,-259.996703230156,39.3543220173049,1
-0.235747272275998,0.901810390371356,-0.36090420361141,0,-0.503743180106,-0.431019405285495,-0.748221007868427,0,-0.830487553588799,0.00556200901752885,0.556515523289846,0,-141.448596607432,-259.745713785893,39.2510052763546,1
0.665395042704269,0.673286483718562,-0.320661248841694,0,-0.487444076623293,0.0675191962303218,-0.870159837813152,0,-0.564326669281836,0.735650191423539,0.373781730482996,0,-179.648157809791,-273.434288129793,64.6981588427343,1
0.679259942734203,0.666789783087099,-0.305078118782492,0,-0.477334558113505,0.0865926373550367,-0.874164187009606,0,-0.5565527649272,0.739591718837199,0.377640679269893,0,-178.153214313047,-273.250654873486,64.8339499388926,1
0.67504457118,0.663500706384692,-0.321140099118448,0,-0.496532581173682,0.0875181126738491,-0.863256118620451,0,-0.54475909540417,0.742503188189752,0.389112219476427,0,-173.352190121712,-270.6060922336,65.7317529234106,1
0.671079733608048,0.662612845466001,-0.331216544039846,0,-0.505842950329546,0.0834845701203011,-0.858259559562967,0,-0.541127547211572,0.743774367750478,0.391751237670666,0,-171.188911148625,-270.104673918093,65.7063743786391,1
0.667429662527865,0.664638222914144,-0.334321782044309,0,-0.511960265326588,0.0845460089527337,-0.854476873604258,0,-0.539749206943955,0.741748141877009,0.397328111630774,0,-169.162320561674,-270.87223315781,65.5612356503493,1
0.662381334030291,0.674473341794797,-0.324471457312049,0,-0.508133888669892,0.0872799578929883,-0.856484798859316,0,-0.54945873194259,0.732447769472504,0.401183412828881,0,-172.65179674004,-272.47161335299,66.0877394384086,1
0.659539499054098,0.678771413326489,-0.321834129631916,0,-0.507369768330088,0.0867650321827046,-0.857104434779951,0,-0.553924153803491,0.728775207133566,0.402045542001621,0,-174.66084714936,-272.81100652678,65.8140327009016,1
0.65391257447009,0.678788541054566,-0.332983277797275,0,-0.518876206516053,0.0828136220706026,-0.850558013311296,0,-0.549848635442179,0.729163519018595,0.406837201663541,0,-174.844782722671,-271.932161462637,65.5878570871716,1
0.645893625066199,0.678541865839483,-0.348861045727113,0,-0.535556004564727,0.0776844542154099,-0.84064577944627,0,-0.543381261555565,0.730055524503331,0.414019023570943,0,-172.169559940289,-269.055227880381,65.4721131186025,1
0.640368033316653,0.680286014687921,-0.355408223021432,0,-0.543222878434713,0.0748466345387595,-0.835938115744319,0,-0.542155045016006,0.728585277667746,0.418001628532468,0,-171.179009265706,-268.183910340912,65.1054881761709,1
0.632391740046157,0.686155312117798,-0.358174388655452,0,-0.549808055432594,0.0728278432078165,-0.831738465141392,0,-0.544712054759613,0.723161341589581,0.423940536089318,0,-170.800556785421,-268.359246271532,65.0374012347856,1
0.626620438238422,0.692569333086187,-0.356432079393951,0,-0.551985034446465,0.0722648586538086,-0.830483843465869,0,-0.549473082921895,0.717241682126647,0.427988017809755,0,-174.009723854914,-271.033262856751,65.6633249890278,1
0.629344738729535,0.689849665061356,-0.356201270373551,0,-0.552175044757462,0.0754709993912981,-0.829848820503031,0,-0.54570290188883,0.71932006914286,0.429162799269204,0,-174.348177488439,-270.889375173543,65.3387834137268,1
0.622528295057673,0.685268311488375,-0.37690118187626,0,-0.570536700832572,0.0685832020345052,-0.8180802247072,0,-0.534832586779161,0.724522659440013,0.434198191598204,0,-170.107818770855,-268.944688214586,65.435319367225,1
0.617298772911659,0.682415319483331,-0.390587642124857,0,-0.581937305595356,0.0627316989709859,-0.810530374495343,0,-0.528681186506918,0.727788826341245,0.436306534383044,0,-165.759908663726,-267.204132193977,64.4738660708135,1
0.618533119922789,0.681453322597284,-0.390095546544454,0,-0.582735522917922,0.0656540410969875,-0.809644716791871,0,-0.526202683116738,0.728380195989116,0.438288615665072,0,-165.442056820926,-267.20403180518,64.3287319236472,1
0.623235639042016,0.689498701512536,-0.368381702374027,0,-0.570514089654663,0.0791534786702469,-0.817277939264953,0,-0.534398615433908,0.719649470655281,0.443006834701092,0,-166.475412149653,-267.90072762224,64.7169393112581,1
0.626420345226122,0.689855411155858,-0.361986852477237,0,-0.562172820327411,0.0787558833147931,-0.82299299315412,0,-0.539303102582412,0.719253805668112,0.437587081866178,0,-166.487746655573,-269.352954386463,65.0822799566708,1
0.625672182300636,0.686287533151535,-0.368893022076028,0,-0.567729089946093,0.0777715053569698,-0.81895105279107,0,-0.533487313104879,0.722213887816303,0.439247106353063,0,-165.88656509949,-269.128674352563,64.656461399177,1
0.602323609063735,0.689703121701757,-0.400800265108364,0,-0.592952592885843,0.0513953420594387,-0.803235366761012,0,-0.533478257196412,0.721625073153979,0.440505378577902,0,-165.714525360724,-269.14029290018,64.5288280213238,1
0.601563616040574,0.696893872383835,-0.389404682620227,0,-0.584402297035793,0.0524816280064599,-0.80943600984327,0,-0.543734516221771,0.714644975660431,0.439385795893843,0,-166.022703478655,-269.222837626329,64.4986220390656,1
0.613187689630685,0.696045319008643,-0.372201122835977,0,-0.568683306209646,0.0629633564910901,-0.8197623552398,0,-0.547253227035212,0.714532405464977,0.435084571181786,0,-166.188941476623,-269.277521108137,64.6163209539156,1
0.621991938513556,0.700245163952427,-0.348708720887931,0,-0.546172650905077,0.069985068222952,-0.834303087657054,0,-0.559931894316104,0.709675179032165,0.426744274621465,0,-166.661566868958,-269.363298123426,64.9651582908195,1
0.625743488689316,0.697697982157925,-0.347401381045947,0,-0.541271188574796,0.0685275492034842,-0.83767569089997,0,-0.560738785521439,0.712519621950904,0.421148043705203,0,-166.380161824298,-269.458060967375,64.9009616284868,1
0.624845472939008,0.694184492089435,-0.355704416089301,0,-0.545489199973771,0.0631717062099297,-0.83527938504592,0,-0.557484616096861,0.71636174445636,0.418879766422777,0,-165.425112380603,-269.422886072514,64.7740700695263,1
0.597811787933498,0.699463573749044,-0.390360488700842,0,-0.572484774685763,0.0325581032972517,-0.818875739274879,0,-0.560159404998843,0.713272381854724,0.42053592119349,0,-165.791694255134,-269.234512439394,64.6037717999773,1
0.599117281291003,0.695260426638326,-0.396019487504892,0,-0.570076030394176,0.0238902563881988,-0.820913491307679,0,-0.561366851227015,0.717810486654787,0.411201962193981,0,-160.495659612309,-267.490494499457,63.4151756246954,1
0.584331225794203,0.703144664968116,-0.404682142950288,0,-0.576360184612952,0.00888009948980591,-0.816998470612289,0,-0.570910150134114,0.710732545803409,0.410695256614632,0,-159.89696179042,-267.541318088948,63.1451844586188,1
0.56714264731825,0.711139108500882,-0.414360386677375,0,-0.581405868885844,-0.00985673546556179,-0.813177839634063,0,-0.582456261261546,0.702341358599081,0.408469969185593,0,-159.967715754335,-267.431648799035,63.1295908533457,1
0.568527804838138,0.716877108804891,-0.402763144621129,0,-0.577407527934294,-0.000637233306079663,-0.816179222918995,0,-0.585421582007717,0.696896697436801,0.413976404889771,0,-160.003448601127,-267.586987059219,63.0210192558804,1
-0.206768136020684,0.864528390121913,-0.457567841477462,0,-0.977963222152656,-0.174606798108366,0.112085052843551,0,0.0169913673006981,0.470684287840159,0.882072951938324,0,-150.430962023935,-243.924507117937,38.4762610326111,1
-0.231608549353707,0.840716406218999,-0.488997841576055,0,-0.971531945711725,-0.177097182581935,0.155765599322056,0,0.0443299906198021,0.511174406947517,0.858254507550144,0,-151.638488109052,-234.377265688452,32.8183924626976,1
-0.238840239453855,0.840912638187304,-0.484677892410827,0,-0.96932954199084,-0.182148964310075,0.161846493009531,0,0.0477424736875992,0.508509739139014,0.859569385724117,0,-151.172433917975,-236.320584285378,33.8086039880425,1
-0.252262341732792,0.842721796421122,-0.474938791981911,0,-0.966126533878305,-0.195531220318324,0.166327852108612,0,0.0472750557634952,0.500836163437212,0.864143053223204,0,-150.586912703237,-240.582453933099,36.2475801221894,1
-0.245200955535659,0.844031740100175,-0.476440770448888,0,-0.967941520643357,-0.188513506210123,0.164285669161728,0,0.048828185217127,0.501471209791878,0.863709529934256,0,-150.772303045148,-240.164201311538,35.6065243170201,1
-0.266284769726916,0.824146674254555,-0.499525860097991,0,-0.962195906163903,-0.198648516570994,0.185272478812067,0,0.0534292179320388,0.529993015917693,0.846247429467954,0,-151.505244245801,-234.958341007951,33.5549251988332,1
-0.22967174134643,0.83318538058285,-0.502244800939828,0,-0.970933830968918,-0.164653138733399,0.17104495011387,0,0.0597542791753953,0.526968432569095,0.84762132298492,0,-152.957326709129,-227.714732176188,29.5974799045803,1
-0.220620555030346,0.836189766756991,-0.501584984293306,0,-0.973079381277158,-0.156302591361718,0.167516980521216,0,0.0616799254334349,0.525065054179887,0.848718865443455,0,-153.115561740485,-228.296538621793,30.0533482601195,1
-0.254161573322397,0.835670836924947,-0.486089767200621,0,-0.964678109487024,-0.186892050633755,0.183273878340527,0,0.0622685867089714,0.515534263253421,0.854455863958887,0,-150.697659721461,-239.882309098149,36.0912558972761,1
-0.238517539771412,0.844112760684197,-0.479617769425641,0,-0.96870044649796,-0.174456127846749,0.174833183468553,0,0.0638660168677623,0.506330250039975,0.859871750201199,0,-150.692065541115,-240.451794251133,35.9307341483395,1
-0.273004350596395,0.825604373669071,-0.493219189208357,0,-0.95934753785507,-0.198373750252595,0.19908013097262,0,0.0665009645689691,0.527542096118416,0.846801963478731,0,-150.72740704975,-240.068237714425,35.7466215781692,1
-0.254291587146021,0.821796885786846,-0.509185170517115,0,-0.964327814493621,-0.178991153890413,0.192863288015481,0,0.0673366902291843,0.540097114054559,0.838747413187363,0,-151.174743437683,-233.052365667415,31.0765615614109,1
-0.255150549370987,0.822073177243221,-0.508150230276702,0,-0.963921424280724,-0.179256238599802,0.194251077102174,0,0.0685156806752713,0.53941991166059,0.839056600416306,0,-150.941186141156,-233.73398889161,31.4063406103305,1
-0.257109427080748,0.833165357604193,-0.488807074832012,0,-0.963034401663498,-0.182276338100748,0.196051302974704,0,0.0742022816062581,0.521177362379624,0.850056957324339,0,-149.97179327325,-239.741819476457,34.9489258126703,1
-0.261924686894345,0.831273534611445,-0.489372818724574,0,-0.961793649391566,-0.186899810206308,0.197518372172974,0,0.0726725425279616,0.522447396087724,0.849389629542971,0,-149.735676271782,-239.763853163664,34.4220304576854,1
-0.269692398087907,0.817390684657395,-0.508461551271265,0,-0.960245541703394,-0.191827542104242,0.201106708905192,0,0.0667997521019296,0.542511811653097,0.837255574205205,0,-149.7505924873,-236.46244280138,31.698883040732,1
-0.273196413815392,0.809410878845392,-0.519519279842081,0,-0.959148922709824,-0.189591707437642,0.209042630201008,0,0.0707249159955236,0.555420083948438,0.828478735604041,0,-149.809871977751,-232.223417467874,28.2543721363461,1
-0.27921442679024,0.819272113315175,-0.50023491797898,0,-0.957220239851958,-0.199127262914012,0.20829386741785,0,0.071025287786517,0.537017764829002,0.840444531998678,0,-148.421262483009,-238.314415641887,30.9189110467223,1
-0.27272641554782,0.825264256148523,-0.493709833541908,0,-0.959070763972167,-0.196364042784094,0.201751768782133,0,0.0695111722760574,0.528558680208158,0.845877989511122,0,-148.146692838135,-240.044393928207,31.4545967777074,1
-0.281882836882271,0.821171204589546,-0.495501683113114,0,-0.956412307802977,-0.202694183661763,0.208368874626883,0,0.0706080177608502,0.532669195015044,0.843227790156888,0,-148.028554095448,-240.287957049768,31.3748287511617,1
-0.276916303417783,0.811116907617672,-0.514853465098017,0,-0.958152389280533,-0.194352101431398,0.209214854294079,0,0.0696453899702554,0.551257388571658,0.831343864727486,0,-148.561541233873,-234.612485404921,27.8779781151006,1
-0.277952207705266,0.812715075930588,-0.511166047977644,0,-0.957413251008864,-0.195684292126156,0.209721474004749,0,0.0703656332634841,0.547730620188052,0.833474725768136,0,-148.68703317907,-235.588997157892,28.7387026211184,1
-0.267513535573361,0.828516747941535,-0.491512801135294,0,-0.96070663196029,-0.192072748371818,0.199215307590817,0,0.0706206771161415,0.525509325815784,0.847768100905758,0,-147.641932743968,-242.199466931015,32.7623150214338,1
-0.2751112269553,0.824223643995574,-0.494411430173346,0,-0.958972515300908,-0.201370033838456,0.198019623415023,0,0.0636428451533958,0.528625904442848,0.846355995545469,0,-147.531136115048,-242.752397103043,32.6073457978657,1
-0.27925899419775,0.811468214415004,-0.51277863623928,0,-0.957892233394993,-0.201589332430763,0.202821102109332,0,0.061158500282009,0.547853149793782,0.834204646291453,0,-148.116725979081,-239.193244320118,30.9960013827815,1
-0.259855012551307,0.816703054511074,-0.514509389875298,0,-0.962930519523092,-0.183061113087174,0.195968312519456,0,0.0657860705708503,0.546394425921757,0.834773881605771,0,-148.631294045219,-235.473887804959,28.5604617797587,1
-0.275541168106168,0.824373658876935,-0.493701492773732,0,-0.95851593581291,-0.200244237190393,0.20079147579855,0,0.0666081154205079,0.528578715528183,0.846115367017468,0,-146.932770794394,-244.823139226185,33.6203467343121,1
-0.265889463421996,0.828737178825124,-0.492301047905977,0,-0.96162526887741,-0.19286226774543,0.194729783210888,0,0.0664348151896171,0.5251911390953,0.848358673384158,0,-146.890912781761,-245.481704827012,33.6870709374311,1
-0.285540942271236,0.808621469107193,-0.513630807275447,0,-0.955907935026015,-0.206231950148473,0.206982453384362,0,0.0613514713098353,0.550121108559424,0.832654712234632,0,-147.171959001987,-242.354155800823,31.9517132644191,1
-0.28456878362273,0.80699362735524,-0.5172210696646,0,-0.956540038030506,-0.20473977552648,0.206891339276425,0,0.0610567623754927,0.553629582929281,0.830459946988992,0,-147.335238322366,-240.788183309804,30.5890807798392,1
-0.2667334093748,0.817809092347038,-0.509631780905423,0,-0.961487886462624,-0.191184490685391,0.196468494232358,0,0.0632647253236405,0.542423505478394,0.837647064152991,0,-147.203391908887,-241.12335914066,30.3654337179169,1
-0.258979151722429,0.825863428216048,-0.500453109654445,0,-0.963276773361319,-0.184910129031982,0.193447770711121,0,0.0671934623677093,0.532192444706466,0.843863985928324,0,-146.90274584193,-242.632847045981,31.4589478644775,1
-0.270121609029395,0.809626216169041,-0.520643421198623,0,-0.96112160084606,-0.197708635155204,0.191272789673255,0,0.0519421805553451,0.552092229244495,0.832053632976034,0,-146.422453775232,-239.216680881267,27.4168359353037,1
-0.26767613488969,0.804859459549829,-0.529120609428895,0,-0.96179862829504,-0.194463829197238,0.190882685564568,0,0.0507230253947123,0.560032126717138,0.826778485365978,0,-146.371520854043,-236.882944057494,25.7708964351668,1
-0.257128177431017,0.823472352767369,-0.50510691967396,0,-0.963634032058422,-0.182309178661228,0.193497770874243,0,0.067202387278157,0.536520976046374,0.841070232344512,0,-145.715686256972,-240.786728327615,28.1957858900962,1
-0.237705686961526,0.8368727564786,-0.492169389481656,0,-0.968045381141005,-0.166346122637828,0.184937432630252,0,0.0728100469343404,0.520443410255714,0.850608334610196,0,-144.486041746705,-243.971460150112,28.9501334781173,1
-0.239877348433534,0.834664143928445,-0.495344048303915,0,-0.967892907654987,-0.168093605577608,0.18557792749659,0,0.071603829378338,0.52397435689808,0.848632539911917,0,-144.237825072246,-243.531286120225,27.7681771762714,1
-0.272653524757995,0.811728053548802,-0.516070115484535,0,-0.959609606269449,-0.193070039336372,0.203410731888232,0,0.0654566180381085,0.550705913756305,0.832030094988877,0,-144.623912749156,-240.265103538851,25.94847844124,1
-0.252954635560838,0.822106494869021,-0.509529534978718,0,-0.964753909811929,-0.177519345355257,0.192641035538212,0,0.0679074964359891,0.540323963679089,0.838594828081465,0,-143.813924184687,-240.351073552422,24.9277258933662,1
-0.274123309544854,0.819864742033601,-0.50243998950651,0,-0.958824813762467,-0.193791471413214,0.206936298054281,0,0.0722981580792825,0.538487241282347,0.839474094471352,0,-142.631674434789,-245.535676037348,28.154625210128,1
-0.270987006746757,0.820364018222233,-0.502958675993843,0,-0.959480036806719,-0.191100367263557,0.20539776687421,0,0.0723596977197001,0.538264259323561,0.839532534182276,0,-142.44247630284,-244.820634123097,27.3850462317193,1
-0.264714780546712,0.808654362151213,-0.524644781796784,0,-0.961872935114854,-0.186852620839592,0.197498541833306,0,0.0616431625881421,0.556958418493376,0.828072092051726,0,-143.331431458905,-238.341992778423,21.4598201252211,1
-0.264177147177584,0.810167192734053,-0.522669166789838,0,-0.961696599707307,-0.183578150827694,0.201696289973975,0,0.0674120825680462,0.555963360124766,0.82831458700888,0,-143.279501929175,-238.499364953366,21.9488858571815,1
-0.272835346463993,0.820029154403299,-0.502439699091186,0,-0.958952147864402,-0.193000036415812,0.20588417772322,0,0.0718434719335543,0.538015446316248,0.839720791858756,0,-140.219697554695,-245.662969198328,24.918229067413,1
-0.279623571934611,0.817467258024455,-0.503020097646639,0,-0.957323404311075,-0.200117025617283,0.207087046732225,0,0.0685916677207356,0.539481889534584,0.839083705859777,0,-140.192059199393,-246.103362597003,25.3265598794101,1
-0.304301165860236,0.801806437172044,-0.514052648290052,0,-0.950366531456156,-0.220309131066601,0.218999218362553,0,0.0623495942209869,0.555191038872674,0.829320022360911,0,-140.311960133568,-245.862217647282,25.1179762069701,1
-0.310897496058351,0.796344366534257,-0.518326932698342,0,-0.948002795011273,-0.22369799538718,0.225067105931359,0,0.0632618802299282,0.561370551237841,0.825017047892387,0,-140.264588347687,-245.824277841983,25.0527129722841,1
-0.284216817121647,0.816118493325258,-0.502531857225836,0,-0.955791171730529,-0.203013400453726,0.211044848461199,0,0.0701665117882949,0.54032527281177,0.838388309210064,0,-139.92112543581,-247.154058482257,26.2079435400758,1
-0.2865760621157,0.820022929638562,-0.495079638881973,0,-0.955076351587204,-0.205332202911151,0.212837302944541,0,0.0728467588641803,0.533846777628822,0.842367501346737,0,-139.691103941735,-249.242966593889,27.5881558769888,1
-0.289351657461564,0.814106020727814,-0.502753739725951,0,-0.953973707978642,-0.205490071699998,0.21650229173694,0,0.0728884752492099,0.542290202743101,0.836858890408766,0,-139.935981795426,-247.340039344595,26.2375585979573,1
0.405405177610731,0.849129630890485,-0.337445957588175,0,-0.85539352471363,0.482412208635782,0.18648341498064,0,0.321078837093569,0.213048652815728,0.922679422060154,0,-183.980273597278,-286.156180786455,33.7409432481911,1
0.404211251395522,0.849518256400162,-0.337186092163745,0,-0.860468307760315,0.477893815049432,0.172849724539145,0,0.307901155018522,0.220263904491882,0.925420566046221,0,-183.787463306693,-285.637817631503,33.2833455453303,1
0.402350011197019,0.850651221242589,-0.337244947160635,0,-0.860605148963862,0.476891615237176,0.176374002568221,0,0.310802343238727,0.219273082043348,0.924738465878823,0,-184.080261702457,-285.527512652516,33.5983412877918,1
0.413164692632371,0.850649893029751,-0.324017137360973,0,-0.862898104325683,0.479246014310609,0.158087534594751,0,0.289684759344154,0.214292651514266,0.932740648068763,0,-189.371677366769,-286.489908321435,31.1915269425053,1
0.415966480121732,0.846002141224732,-0.332068628750949,0,-0.855276951283829,0.487817435098686,0.171740959489275,0,0.30719072515545,0.212584055780427,0.927476931004722,0,-184.963038997665,-284.728122379886,32.4975804798528,1
0.405560878801738,0.84791405840478,-0.340303050727956,0,-0.857551421576746,0.481654481718257,0.178327653660323,0,0.315065605552234,0.219502072774521,0.923242693801901,0,-183.801265718575,-284.554916137177,32.9482224909138,1
0.409016042735281,0.849487410124032,-0.331541442950127,0,-0.857776900745263,0.481618031168991,0.176097678021377,0,0.309211648371274,0.212344628677508,0.926848110787398,0,-185.358460262132,-285.098116504988,32.9565789059509,1
0.418486033038166,0.845669397177001,-0.330332030192553,0,-0.851611653236016,0.491662934563497,0.180000957579846,0,0.314577385340887,0.205993702031283,0.926534868002515,0,-183.071646161186,-284.905529586871,33.6533737552829,1
0.413002178847143,0.845422180887177,-0.337457636028011,0,-0.851738243776585,0.489574718302389,0.184299503125422,0,0.321000846418269,0.21128568841847,0.923114718974437,0,-181.761992036822,-284.438520368825,33.5729955907129,1
0.416346081004782,0.844714296617431,-0.335027538033467,0,-0.852855158756438,0.490368784146139,0.176806377253344,0,0.313548858388084,0.212132745776398,0.925459699973315,0,-183.781470059984,-284.934865512813,33.2747178421314,1
0.427623384742048,0.843207846425123,-0.32529521851098,0,-0.851581136324372,0.496422156390179,0.167402397402207,0,0.30262735575381,0.2054226484899,0.930673946947105,0,-186.000705871143,-284.982419369972,32.2382432990389,1
0.426809869746543,0.840439145586415,-0.33228102572644,0,-0.847379337437446,0.499804098706551,0.176046980442818,0,0.313937367544116,0.206438091926438,0.926591995281384,0,-183.132250485027,-283.60759436616,32.4659643925841,1
0.421711819049373,0.841432143817283,-0.336357530919257,0,-0.848041598695077,0.497106655598312,0.180626695192747,0,0.319113801134439,0.209073742546205,0.924237791288234,0,-182.070417093142,-283.083907678902,32.4738734521595,1
0.439588002963891,0.837544119836783,-0.323192475270779,0,-0.843640918581946,0.508358751462214,0.170150565394298,0,0.30675311684238,0.197855674522757,0.930902363534033,0,-184.085368819081,-283.842773228614,32.1144160089586,1
0.43343914193046,0.83798259411952,-0.330415228400179,0,-0.844831688834801,0.505318168627895,0.173444444106231,0,0.312315006325397,0.203929592251347,0.92775654454849,0,-183.774349304124,-283.812428094274,32.239448713427,1
0.432737520769434,0.836229154226254,-0.336003962680014,0,-0.843808237545839,0.506804603501474,0.174712410137048,0,0.316365157832923,0.207907324743766,0.92550872046446,0,-182.748842415915,-283.3782541709,32.3866431711419,1
0.450058603497698,0.829695148187847,-0.328071627249068,0,-0.835991150120369,0.520395100925192,0.169633666979903,0,0.311379050164212,0.197911384606457,0.929282204484378,0,-182.894226682126,-283.413287282844,32.5953652016167,1
0.424534833779568,0.838917002872696,-0.339615147356214,0,-0.84779624157581,0.499858584123407,0.175091633158373,0,0.316647487845236,0.213564898052097,0.924118008705458,0,-185.63220154908,-285.245556322292,32.8752506174221,1
0.962346008288923,0.158283520358188,0.218967289289353,0,-0.0635103182596502,0.919897939102939,-0.385868979670606,0,-0.262694550284345,0.357611212656624,0.896142949229324,0,-173.496993613804,-280.731853010029,30.636824477861,1
0.958294601468066,0.161679308016837,0.234763592409152,0,-0.0595090527602647,0.918741129341305,-0.389847650170564,0,-0.278796396166717,0.359678055445352,0.890435104824953,0,-172.316399636846,-281.401970960559,29.8981048012727,1
0.959001386199103,0.159068626174975,0.233185810479268,0,-0.0579781764982554,0.919227566486187,-0.388665976612034,0,-0.276293837763669,0.35929876935975,0.89135805893065,0,-172.279945190269,-281.453572155738,29.8100267747191,1
0.958055755966943,0.15733136120135,0.23769247135683,0,-0.0543511933900958,0.919045058090358,-0.389338130554325,0,-0.279863012372617,0.360196847656042,0.889866782847134,0,-172.123143135848,-281.519873910535,29.541255692076,1
0.956113045946594,0.153106646649067,0.24873668687822,0,-0.0457420614946862,0.919353099246069,-0.390136628513528,0,-0.288495991616638,0.361682848236985,0.886509534742855,0,-171.953502787077,-281.666457288797,29.5748009510078,1
0.959071120539868,0.148047978359784,0.239744176115522,0,-0.0418363440618883,0.915900093730098,-0.398301489522802,0,-0.278693707193758,0.372075865984463,0.885338781637074,0,-170.436131676877,-282.69770710786,28.8664130235502,1
0.95911866959189,0.150879171438937,0.23715733303705,0,-0.045694142383519,0.915743294054214,-0.39786633598207,0,-0.277425336200402,0.370955608955968,0.886207238566815,0,-170.375776203744,-282.713648973824,28.7127112406768,1
0.958026498313868,0.145079189531246,0.245382841153059,0,-0.0370604890437448,0.91648880130098,-0.397263130248462,0,-0.282690968043476,0.371609532396753,0.884256869046839,0,-170.307584161834,-282.792937051652,28.3486966955397,1
0.958412996124414,0.138616661965476,0.246625377604683,0,-0.0249438647961866,0.909136910626728,-0.414158998873999,0,-0.281905636845132,0.391027904081012,0.876084971129325,0,-169.242596327347,-284.087977046899,25.9043966285908,1
0.957267312287249,0.14101801905591,0.2498882810581,0,-0.0258065993656764,0.909107503823297,-0.414297245127663,0,-0.285846089269514,0.390340971040343,0.875107517357366,0,-168.99285522125,-284.416387406772,25.6040785350231,1
0.956795632553796,0.136917601533973,0.255498771919777,0,-0.0189685185363539,0.908871999225642,-0.416074205031007,0,-0.289276462745442,0.393319365617756,0.872678396101429,0,-167.930425561721,-285.520365760577,25.215472177068,1
0.95505521208506,0.135010362974677,0.262137276163467,0,-0.0125166937277299,0.906365258911006,-0.421241806928124,0,-0.29468556784543,0.399261860655964,0.868170440970555,0,-167.920562411129,-285.672922274258,24.7776807121329,1
0.95566843047143,0.136257148947147,0.259860598849039,0,-0.0118217042319111,0.902525866186123,-0.42982864742341,0,-0.293210333541482,0.407790468993289,0.864681321796707,0,-167.829059309915,-285.776339608919,24.7447620717653,1
0.95682134479816,0.137501484374998,0.254286107119168,0,-0.0104283949288366,0.895070018766879,-0.444845353106036,0,-0.288950908708594,0.423149037580608,0.858701201505407,0,-167.740640981664,-285.901109341965,24.633823124582,1
0.955755386526048,0.138208305285618,0.257368961553342,0,-0.00570601151306988,0.889138735384019,-0.456428041011711,0,-0.292134655038496,0.434941848042385,0.851670627887607,0,-168.030903886167,-285.629529063749,25.0071381916223,1
0.95750223685143,0.14342551424856,0.247687784460528,0,-0.0118364365010409,0.883934893967891,-0.466228764940116,0,-0.286045864039843,0.443699301668073,0.84921805027906,0,-168.022118126203,-285.667315520476,24.8442573504026,1
0.922911415000381,0.326845732417688,0.201061188575515,0,-0.0606866059335642,0.641413665543833,-0.764350254546049,0,-0.378944330939732,0.693454493098215,0.612533724537965,0,-172.143456975884,-285.529626408388,19.0177385053869,1
0.924159316277374,0.327299463227902,0.195534251442084,0,-0.0530520121629733,0.618115274174143,-0.784039619083251,0,-0.377572343588739,0.714360158841449,0.589022469495693,0,-172.248885248658,-288.670338558419,18.453232409028,1
0.924369974567047,0.324475048736739,0.197208563819042,0,-0.0519497400816875,0.622175896436745,-0.780496018135528,0,-0.376191820344686,0.711655364487159,0.59300689162027,0,-171.550905200246,-288.088944833415,19.0536569309918,1
0.925440533335042,0.325516380932224,0.191481764538234,0,-0.0577721676167426,0.622847021906263,-0.779840682100482,0,-0.373244900365819,0.710801703142596,0.595881113611505,0,-171.623417700178,-288.004345050834,18.8322123297296,1
0.924474926085494,0.329641565172125,0.18796090689699,0,-0.0566685799095718,0.609367401003703,-0.790292864026403,0,-0.375258820741254,0.72028298907396,0.583004605793387,0,-172.653727539256,-292.112226036606,18.163843147463,1
0.923890774866184,0.307965899330977,0.224845456906681,0,-0.0220529053864057,0.631487794305392,-0.774543731213923,0,-0.380720860221116,0.711004461266381,0.591005856404684,0,-168.10847774378,-291.619333758038,21.8963502456609,1
0.921858471936379,0.323698733577635,0.211039466383883,0,-0.0403575596765092,0.62354738856644,-0.780326238977805,0,-0.384340831599201,0.711112407401647,0.588534225257468,0,-170.598874895249,-291.398156624368,19.778341510867,1
0.922176658939049,0.33934542207525,0.182932985784364,0,-0.0733218463543425,0.619989702913747,-0.780688775639251,0,-0.37851926002859,0.706859061424204,0.597365116789257,0,-172.31219501127,-291.147995633012,18.6423074974198,1
0.924348544648775,0.33043635641739,0.188327153493186,0,-0.0717191533519516,0.637464824315173,-0.766668573551948,0,-0.373554303740559,0.695459382409142,0.61364977181045,0,-170.094201169238,-288.791944797197,20.5332576508911,1
0.924982738584018,0.332080508765202,0.182100719476477,0,-0.0770026416524515,0.635450382481814,-0.767889860285129,0,-0.370856126400623,0.696443682644325,0.614059826750214,0,-169.899604003245,-288.856940817306,20.3012061140732,1
0.922507345678074,0.332439473579683,0.192222789898886,0,-0.0656337698425985,0.629312416380382,-0.773734655641702,0,-0.378416070263573,0.701481452684289,0.603472024761174,0,-169.947265323208,-290.111019761828,20.2157292363572,1
0.923534991846517,0.329193326908469,0.194851799130315,0,-0.064964029753169,0.636746219570353,-0.768025362315043,0,-0.377006602905225,0.696774090289607,0.6099866457222,0,-169.968894145931,-287.941569242292,20.9365373698508,1
0.924580345422951,0.329608077654677,0.18898986015853,0,-0.0681637751419038,0.63305290643309,-0.77079271728304,0,-0.373806495765251,0.699899502004704,0.608344263931751,0,-170.090214441894,-288.789931451423,20.5355050473097,1
0.922850027163576,0.333535420456081,0.189732926789268,0,-0.0674258832531734,0.627407260693209,-0.775215999621347,0,-0.377803422036573,0.702982317751558,0.602336133619434,0,-170.565160923591,-289.480416513098,19.9317694376723,1
0.926422051513424,0.324070976254129,0.188958979064708,0,-0.0646385696543844,0.63381097283214,-0.770324481324279,0,-0.369565493254309,0.701684411255378,0.608880073661979,0,-169.636254974617,-288.228646872665,21.0619153516332,1
0.926356204975214,0.325338475074026,0.188000275800811,0,-0.0632844662232072,0.628087776104035,-0.775234295469123,0,-0.370413820998304,0.706461161397439,0.602935689446381,0,-170.05381513672,-289.214871988085,20.3361760138021,1
