-0.74151889273956,0.558394039758283,-0.371948690107551,0,-0.520470892823557,-0.828581402617748,-0.206307801499253,0,-0.423390814063967,0.0406073342935708,0.90503660863405,0,234.783393218613,-60.1330795695898,29.2513656914589,1
-0.00798044072086418,0.938614600309516,0.344875259552941,0,-0.999872758234645,-0.0122539094646096,0.0102131798709503,0,0.0138123099496066,-0.344749871339557,0.938592960928866,0,229.679305104095,-71.90188092387,-54.2485851320776,1
-0.890286959820049,0.423975940006184,-0.166233364491747,0,-0.34251259440779,-0.86395785281035,-0.369136764952199,0,-0.300123727563181,-0.271700627277897,0.914387509369184,0,228.876514466305,-84.6509888749383,-12.182047515988,1
0.555615794147453,0.82674390155279,0.0882361067770213,0,-0.796693825822545,0.559748798093475,-0.227947868884852,0,-0.237844565189391,0.056354274710805,0.969667034879339,0,191.909477318574,-57.0698162588143,-20.0519292076078,1
-0.98156515748555,0.186252854881121,-0.0428919066841216,0,-0.106176284805275,-0.717976693083421,-0.687921554200727,0,-0.158922742725251,-0.670685725386806,0.724516541983036,0,235.047697305442,-64.7851314537001,-12.4528052920327,1
-0.810706343446431,0.540310373359924,-0.225432750804706,0,-0.481779677765689,-0.834477153305886,-0.267462563179397,0,-0.332631277524689,-0.108224678563455,0.936826479217005,0,247.11839343673,-80.7263900470531,16.865080888082,1
-0.810873469835938,0.540955550633199,-0.223274065120332,0,-0.482567833179514,-0.833900552694659,-0.267839792779136,0,-0.331077788890548,-0.109439300320656,0.937235582577119,0,247.131411428874,-80.7332569597542,16.7352343239752,1
-0.810931055043228,0.541420378115117,-0.221934220272948,0,-0.482512374734183,-0.833297458462681,-0.269809477127873,0,-0.33101757082496,-0.111710876289288,0.936988819529786,0,247.122316065841,-80.7641078514198,16.8351406494539,1
-0.811419927053559,0.541153249086865,-0.220795975921497,0,-0.482196029171656,-0.833313359832904,-0.270325421991874,0,-0.330279716954408,-0.112880491346943,0.937109013531397,0,247.068206461961,-80.8172066946513,16.8515529406334,1
-0.810961978638064,0.541729754861359,-0.221064565005994,0,-0.483137785046759,-0.833119509471549,-0.269239231164401,0,-0.330028104657087,-0.111538135342753,0.937358359700661,0,247.058688721288,-80.8395543609925,16.8651093351959,1
-0.810777426023396,0.54200897389744,-0.221057091416493,0,-0.483494276540028,-0.832975751565363,-0.269044014720926,0,-0.329959467213643,-0.111254975253973,0.937416172506815,0,247.03784862511,-80.9625552590425,16.7264490581706,1
-0.810836841285776,0.541934822309923,-0.221020960955333,0,-0.484066369380049,-0.833233349804273,-0.267211404713887,0,-0.328973200806576,-0.109676037227205,0.937948719285448,0,247.030165643165,-80.9708745456932,16.7290021391486,1
-0.811116691085224,0.54177403012006,-0.220387417359584,0,-0.484190585317611,-0.833356335235084,-0.266602129798957,0,-0.32809936076248,-0.10953592475083,0.938271117884502,0,247.000528389113,-81.013024230728,16.7410174376746,1
-0.811358940954358,0.541195785501512,-0.220915799998154,0,-0.483839725995375,-0.833839941095873,-0.26572555801419,0,-0.328017969754926,-0.108710967195743,0.938395512099894,0,247.018505511668,-81.0388127211516,16.6503389164084,1
-0.811979986204763,0.540585572458882,-0.220126647301539,0,-0.482929231049101,-0.834022181864036,-0.266807717199254,0,-0.327822909207451,-0.110336934016026,0.938273894548232,0,246.966741001429,-81.0101984220473,16.8807085616563,1
-0.809239302664388,0.548610488671729,-0.210138722615852,0,-0.48043197895261,-0.823861483662074,-0.30072806543089,0,-0.338107770722493,-0.142403607599996,0.930271115277462,0,238.873463833628,-83.6938804990177,19.3937321508399,1
-0.806564509390328,0.550753012377219,-0.214766877216573,0,-0.484296258919641,-0.823959768280547,-0.294189452311784,0,-0.338984993456024,-0.133271976095823,0.931304329743577,0,238.834737346627,-83.7008026101993,19.4454844864033,1
-0.806237028086886,0.551269495921232,-0.214671370723664,0,-0.485556583832087,-0.82392199509825,-0.292211139230921,0,-0.337959551483516,-0.131356343052287,0.931948953913781,0,238.803917274696,-83.7264556992001,19.3714171648385,1
-0.80582826357527,0.551504370974879,-0.21560087759299,0,-0.485621121658683,-0.823843068958727,-0.292326399641957,0,-0.338840575820292,-0.130864535013384,0.93169820095002,0,238.809735889455,-83.6950229392401,19.4677964437637,1
-0.805888675773685,0.551000898780879,-0.216659760459574,0,-0.485186742551132,-0.824324847978864,-0.291688823675582,0,-0.339318828113559,-0.129948276430609,0.931652391367271,0,238.849765326362,-83.6781750178874,19.498418743932,1
-0.805848065085038,0.550987269544903,-0.216845393767432,0,-0.484940005669604,-0.824269597723546,-0.29225471967075,0,-0.339767695491882,-0.130355893875638,0.931431830050927,0,238.889807702592,-83.6423406746206,19.4259530397503,1
-0.80595826244317,0.551197234301706,-0.215900180865456,0,-0.484473241059333,-0.823746475013578,-0.294495201319426,0,-0.340171953425105,-0.132752980384073,0.930945588260718,0,238.874629280487,-83.6299913020891,19.5144472565935,1
-0.805869802463112,0.550962517528192,-0.216827502307852,0,-0.484818139621445,-0.824244925757202,-0.292526364380214,0,-0.339890030704147,-0.130616257190678,0.931350718250345,0,238.838887704126,-83.6863765114019,19.4435807301963,1
-0.805858685096983,0.551291948162778,-0.216030015378997,0,-0.484174560180071,-0.82355348779404,-0.295524361122236,0,-0.34083247340621,-0.133554635386271,0.930589267313268,0,238.834400978549,-83.6585790853369,19.5286588855924,1
-0.805946573791139,0.551019399890789,-0.216397183757829,0,-0.483317507461388,-0.823542759683922,-0.296953716854159,0,-0.341839592756069,-0.134740283197656,0.930048788455842,0,238.850909932511,-83.6782425004266,19.4265160165696,1
-0.783854734379758,0.5791831363176,-0.223871949997645,0,-0.496882892719818,-0.801281975325979,-0.333248536290985,0,-0.372396490736454,-0.149980300783157,0.915874862120458,0,230.457144301155,-85.6966288007256,17.0796512013621,1
-0.78339214708863,0.579202727977753,-0.225435010109335,0,-0.497023478121064,-0.801583319241685,-0.332312871417771,0,-0.373181465344017,-0.148284801030356,0.915831431927885,0,230.446163294306,-85.6368214210339,17.1419024847587,1
-0.783519993225559,0.579099833298007,-0.225254973951833,0,-0.497013035397889,-0.801655945060755,-0.332153260398457,0,-0.372926886749128,-0.148294061994974,0.915933626589085,0,230.424808481242,-85.6134307385986,17.3071576642117,1
-0.783571986310445,0.579348153506075,-0.224434086757351,0,-0.496762496357634,-0.801157287787096,-0.33372746731151,0,-0.373151396194676,-0.150009057242306,0.915562842334287,0,230.427669702153,-85.63462169989,17.1197815843623,1
-0.78383519210384,0.57880114235109,-0.22492583051444,0,-0.495945656263639,-0.801484429581329,-0.33415657283962,0,-0.37368475705167,-0.150372692839377,0.915285614218572,0,230.423396919458,-85.5972840299344,17.2961755485549,1
-0.784202678059739,0.578250904426559,-0.225060105869079,0,-0.49548491551982,-0.801896351656512,-0.333851673190795,0,-0.373524909766739,-0.150293488647523,0.915363867024423,0,230.472678926126,-85.5642336864087,17.1641315930606,1
-0.784157695686935,0.57860300264813,-0.224310663191755,0,-0.495372095019696,-0.801353501225237,-0.335319330713054,0,-0.373768906907402,-0.151825990530677,0.91501129655793,0,230.447941981885,-85.5945313446089,17.1813322831767,1
-0.784398043158303,0.578144642033894,-0.224651914696772,0,-0.495190160205092,-0.801818198873484,-0.334476129479128,0,-0.373505575762238,-0.151117003817516,0.915236164075555,0,230.429158489925,-85.6024183393905,17.2179770050004,1
-0.784327402315095,0.578142730488296,-0.224903332925935,0,-0.495144988191539,-0.801845278454511,-0.334478086111794,0,-0.373713749608515,-0.150980570285538,0.915173699769502,0,230.418512717067,-85.6293101158798,17.1997007222437,1
-0.78371636030154,0.578690131012934,-0.225624464240783,0,-0.495736884493439,-0.801636022078593,-0.334102722914298,0,-0.374210646492649,-0.149991401001,0.915133308145492,0,230.371482628086,-85.6820145171364,17.2504525681625,1
-0.769524832417347,0.598924749098966,-0.221631850621236,0,-0.493963864972061,-0.778188037710527,-0.387844141461621,0,-0.404760710043497,-0.188977572428528,0.894682203200726,0,224.900273484682,-88.1861384348742,11.2274065127347,1
-0.765970190418485,0.601986477770856,-0.225614600527775,0,-0.499812776858888,-0.77835632430837,-0.379932389377073,0,-0.40432271204927,-0.17825182464761,0.897078275030067,0,224.814070867933,-88.1830049984988,11.3434755651183,1
-0.766280700170302,0.601717870118851,-0.225276481964154,0,-0.499934861740797,-0.778631892945373,-0.379206420442107,0,-0.403582733231642,-0.177954994501249,0.897470332305942,0,224.77343431142,-88.1881916239212,11.4214217488534,1
-0.766123460377766,0.601134373638755,-0.22735942533517,0,-0.499455841367369,-0.77951342898372,-0.378024703634639,0,-0.404473368694172,-0.17605760098327,0.897443599984536,0,224.814091261643,-88.1037316487725,11.4697050206214,1
-0.765638465899021,0.601135711677778,-0.228983832794905,0,-0.499074210474006,-0.779694174952606,-0.378155954580544,0,-0.405860409470474,-0.175250819372198,0.896975182674433,0,224.862337247277,-88.1243938583251,11.3601103405877,1
-0.765882925572206,0.600729570900814,-0.229232037381956,0,-0.499290018155645,-0.78028271650773,-0.37665416510302,0,-0.405133091819336,-0.174019725791765,0.897543488054069,0,224.834636622912,-88.1795638886096,11.2229491659768,1
-0.76586144832181,0.600704613056109,-0.229369156225354,0,-0.499637266459163,-0.780487640851042,-0.375768072677804,0,-0.404745406323081,-0.173184902147638,0.897879805836214,0,224.70304623166,-88.2229058475831,11.5259543682839,1
-0.765374547243025,0.600942705324493,-0.230368546789299,0,-0.500559789304329,-0.780829010269851,-0.373826101352768,0,-0.404526513054633,-0.170803751827304,0.898434404170709,0,224.675122823663,-88.2479015552406,11.5275087394825,1
-0.765239735449545,0.600924220456428,-0.230864091096783,0,-0.500372571055021,-0.780872207173921,-0.373986478631404,0,-0.405012885504767,-0.170671255143225,0.898240438436691,0,224.672358046274,-88.2616383478115,11.4525357151588,1
-0.764854704632242,0.601278066920719,-0.23121844009942,0,-0.498555805497302,-0.779791031853444,-0.378639743616379,0,-0.407969839089683,-0.174329093616137,0.896197510324657,0,224.772899656438,-88.2048319708514,11.414239100573,1
-0.758473210151922,0.622703253419141,-0.192247360614013,0,-0.297864110984362,-0.5936138544972,-0.747595855483745,0,-0.579651068203391,-0.509767839246645,0.63572115679791,0,216.877166432456,-86.4986068665161,-8.77892646822374,1
-0.763004674851016,0.61820050413099,-0.188817379622974,0,-0.287117905785435,-0.585844235902559,-0.757858719971693,0,-0.579126216236912,-0.524036895601767,0.624498324829764,0,216.998417274505,-86.3063419442922,-8.80633127129408,1
-0.764291839926421,0.616589307341682,-0.188879881124992,0,-0.285826659077658,-0.586455437183376,-0.757874093209788,0,-0.578066695444731,-0.525250079742935,0.624460766860216,0,217.073793779477,-86.2055306217871,-8.62517460406366,1
-0.7650458496147,0.61584633263609,-0.188250212658576,0,-0.284225651486542,-0.585223744950712,-0.759426722852781,0,-0.57785865661455,-0.52749072306965,0.622762322279604,0,217.08873232887,-86.1753609615303,-8.51504857191435,1
-0.764882405307177,0.616194824278114,-0.187773386251544,0,-0.283266757592797,-0.583542346292193,-0.761077048745175,0,-0.578545460698095,-0.528944485382603,0.620888783349291,0,217.146575325638,-86.1645804576125,-8.74398391287878,1
-0.764549873768316,0.61665259658784,-0.18762480017931,0,-0.282727724313412,-0.58242571142973,-0.762132091287417,0,-0.579248240761602,-0.529641261409123,0.619638289478258,0,217.090029716151,-86.1934745497173,-8.59562154041646,1
-0.76455009027615,0.616286333921248,-0.188823499810379,0,-0.278914057463589,-0.580420661314563,-0.765061307653422,0,-0.581093889150394,-0.532262163356625,0.615651590959527,0,217.113507455928,-86.2092548985793,-8.71106919294652,1
-0.764402093065971,0.61575546856874,-0.191140375232585,0,-0.277971709156567,-0.582239974753263,-0.76402116509158,0,-0.58173977775715,-0.530887760950477,0.616228055388628,0,217.079165005305,-86.23783365412,-8.87627466901904,1
-0.761671632718577,0.617230579112524,-0.197187058703749,0,-0.278675606093647,-0.586778141887976,-0.760283709394613,0,-0.584975410149996,-0.52413531116584,0.618939371109103,0,216.945000604961,-86.3297279039616,-8.7821899132316,1
-0.760400274347167,0.617904417044633,-0.199963882162467,0,-0.279080430026371,-0.588900043121152,-0.758492486968857,0,-0.586434596821375,-0.52095188895774,0.620244784776393,0,216.919725187443,-86.3759603780674,-8.82029389122408,1
-0.753438113056689,0.618405989516888,-0.223394364125899,0,-0.278351915180996,-0.607792039641609,-0.743713014450711,0,-0.5956938988345,-0.498159481168361,0.630068179019875,0,210.415761624815,-90.6214274108613,-17.9418759028279,1
-0.754539257269364,0.61721370448972,-0.222974779357382,0,-0.277808821517042,-0.608235571877704,-0.743553459940786,0,-0.594552577932943,-0.49909591472249,0.630405028517867,0,210.483367725487,-90.5282961272958,-18.0868290536787,1
-0.754042112612339,0.617456846574049,-0.223981104171652,0,-0.277483420630212,-0.608540426880636,-0.743425517538435,0,-0.595334732467775,-0.498423104872521,0.630199146974001,0,210.492640380616,-90.5286476077052,-18.0232296181005,1
-0.75474585627005,0.617210309393699,-0.222283887003361,0,-0.277031444278032,-0.607012884073878,-0.744841551908552,0,-0.594653068035823,-0.500586448624457,0.629127122391919,0,210.504324259184,-90.4828759997587,-18.0040838856212,1
-0.755209381844006,0.616699724926238,-0.222126627964092,0,-0.276649826858968,-0.6070937550693,-0.744917475868811,0,-0.594242091132645,-0.501117373308649,0.629092771612058,0,210.481075918816,-90.4885741921599,-18.0093131964345,1
-0.754588144100256,0.61664378264508,-0.224381768663364,0,-0.274697958944481,-0.607382887548141,-0.745403957103407,0,-0.595934362270769,-0.500835774719468,0.627714714361614,0,210.578895110964,-90.4134349371496,-17.87367398623,1
-0.755072006036413,0.616635552397191,-0.222770871569778,0,-0.275261856447205,-0.606526468075292,-0.745893124991343,0,-0.595060649081576,-0.501882694505323,0.627707403867989,0,210.545008328028,-90.4166453346597,-18.064618571884,1
-0.754539782256327,0.617601508734447,-0.221896582671995,0,-0.275304907068226,-0.604826983097896,-0.747255999414426,0,-0.595715473306452,-0.502745161016625,0.626394746096771,0,210.514029160173,-90.4552468586398,-17.9090887342747,1
-0.75429091872804,0.617215135253849,-0.223809487595994,0,-0.274220723844538,-0.60591148174806,-0.746775917461221,0,-0.596530137158707,-0.501913093173951,0.626286709392727,0,210.573251349311,-90.3886352467969,-17.8849102868057,1
-0.754192343512894,0.617101299938875,-0.224454660455693,0,-0.274968047671396,-0.607194213070854,-0.745458087603218,0,-0.596310725835373,-0.500500922303863,0.627624366183048,0,210.534324496543,-90.4060066074302,-17.9982289283921,1
-0.782042499822952,0.57675229204254,-0.236148940489564,0,-0.35118146219494,-0.720842984623979,-0.597542443788738,0,-0.514860281126143,-0.38437245627395,0.766274562918957,0,207.075854771357,-95.1213801586119,-25.6330501661967,1
-0.779515721736698,0.579900138445877,-0.236793304372755,0,-0.346954834646136,-0.714477765608801,-0.607572106968653,0,-0.521514699966346,-0.391455427706794,0.758145807769128,0,207.23428032685,-94.8977782173363,-25.3758487745176,1
-0.778772186062996,0.579930732990273,-0.239153145804161,0,-0.346556704476228,-0.715520329519322,-0.6065716022261,0,-0.522888451581442,-0.389500966594341,0.75820621484187,0,207.240599035234,-94.862998711199,-25.5680159290455,1
-0.778099912711946,0.5800065874661,-0.241149091504801,0,-0.347474190683531,-0.717265685288117,-0.603979820455116,0,-0.523280242935358,-0.386163560171203,0.759641686684857,0,207.193694059,-94.884308868516,-25.629652373834,1
-0.777239597228672,0.580800758651208,-0.242010510618842,0,-0.347436590277133,-0.716836785752897,-0.604510412092343,0,-0.524582142506216,-0.385766122594553,0.758945369853426,0,207.178190971827,-94.8863077332929,-25.352708130426,1
-0.77700672937492,0.581723092201668,-0.240538534346201,0,-0.346850273483671,-0.714518994097343,-0.607583323387355,0,-0.525314601253755,-0.388665474506612,0.75695688030175,0,207.267263916214,-94.8035852168406,-25.463058736975,1
-0.777276096261763,0.581403671474982,-0.24044051442194,0,-0.345893506626521,-0.714113214239111,-0.608604961631677,0,-0.525546907757705,-0.38988727607412,0.75616688614473,0,207.307259110129,-94.7665715208109,-25.5098555177842,1
-0.777970539772316,0.580584860308736,-0.240172977719509,0,-0.344428637794084,-0.713790508444376,-0.60981310540364,0,-0.525481448496217,-0.391694179220223,0.755278039698834,0,207.310869923269,-94.7544553515056,-25.29000167698,1
-0.778221839646106,0.580526985732249,-0.23949778106375,0,-0.344226243914527,-0.713309418614178,-0.610489939570506,0,-0.525241907408698,-0.392655182256561,0.754945591780454,0,207.327072731349,-94.7477026947844,-25.2852204932865,1
-0.779045215459717,0.578849921220314,-0.240876152768512,0,-0.342963041270884,-0.715061579891045,-0.609149644410919,0,-0.524847506035372,-0.391943498054195,0.755589431994315,0,207.320023591004,-94.7358835905939,-25.2667521554536,1
-0.789634162325364,0.557130843680602,-0.257066358570043,0,-0.304117184070373,-0.719252808943341,-0.624650410373851,0,-0.532907710623358,-0.415067006454204,0.737379652629036,0,224.609052677843,-96.806534664903,-27.1714586910025,1
-0.788503521360718,0.55883691906355,-0.256833593389391,0,-0.307451598158663,-0.719829088710052,-0.62235006052586,0,-0.532668481882899,-0.411761315495296,0.739403075101904,0,224.485682699713,-96.8775419808421,-27.2532106656097,1
-0.788554746970418,0.558295837149782,-0.257851060210433,0,-0.306775927933572,-0.72051964363872,-0.621884212029239,0,-0.532982120779784,-0.411287249196904,0.739440908779821,0,224.484558840851,-96.8647047583833,-27.2915931929292,1
-0.789175242839785,0.557529569063695,-0.257610589278502,0,-0.305598824533189,-0.720301330294317,-0.622716108688518,0,-0.532739893881339,-0.412706643023694,0.738824358201199,0,224.484826456595,-96.8597574900224,-27.2913541584712,1
-0.789389707283887,0.557477883394976,-0.257064776972102,0,-0.305424784991199,-0.719888787799044,-0.623278295718937,0,-0.532521915743699,-0.413495517178457,0.738540362150899,0,224.459364817844,-96.8954427915787,-27.1789927106888,1
-0.789314787553608,0.556998395550859,-0.258331092791735,0,-0.30556063186371,-0.721292372503823,-0.621586690352084,0,-0.532555036033135,-0.41169175449792,0.739523517458485,0,224.427764861568,-96.8928083773029,-27.2378419606171,1
-0.789162541547634,0.557077357857922,-0.258625792178805,0,-0.305443257231514,-0.721294702527226,-0.621641672282323,0,-0.532847914164896,-0.411580817663065,0.73937428336528,0,224.431603879953,-96.9037474475087,-27.2793455330982,1
-0.789789613364015,0.556536014401904,-0.257875999844816,0,-0.304706442422674,-0.720858856397866,-0.622508227334289,0,-0.53234044611361,-0.413074053683363,0.738906946512994,0,224.413928370843,-96.9066384241382,-27.223061397948,1
-0.789605960098641,0.55677242064212,-0.257928089569589,0,-0.305072217751229,-0.720915725162144,-0.622263175168101,0,-0.532403390046542,-0.412656017557305,0.739095150464874,0,224.398012779254,-96.9291312538915,-27.1608355822229,1
-0.789412275496093,0.556889341850493,-0.258268310540424,0,-0.305043665571432,-0.720973432262931,-0.622210311764241,0,-0.532706881306056,-0.412397345898751,0.739020843890645,0,224.397416342147,-96.9240126168036,-27.1148327222045,1
-0.78886525037815,0.546834393768528,-0.280470609044198,0,-0.269630855822051,-0.718060999804021,-0.641628866362103,0,-0.552259738107429,-0.430535185963071,0.713896795981925,0,240.120951681231,-92.1465433393293,-33.9358347252314,1
-0.78760936284575,0.548285515695623,-0.281166293918913,0,-0.270121862766344,-0.717359013465851,-0.642207306914941,0,-0.553810139680877,-0.429859324753675,0.713102580355002,0,240.114770315096,-92.1094982240008,-33.7459548361794,1
-0.787614602722132,0.548469139182907,-0.280793235215557,0,-0.270950522220321,-0.717573216946654,-0.641618650624626,0,-0.553397734082272,-0.429267144893236,0.71377914387282,0,240.109308855087,-92.1351052123095,-33.9492275854525,1
-0.787957812826764,0.547995127023113,-0.280755811986473,0,-0.270678667689204,-0.717836681496542,-0.641438662348964,0,-0.553042081638694,-0.429431996312516,0.713955612401631,0,240.109148105106,-92.1631606035764,-33.7648248520893,1
-0.787602426512269,0.54869354583729,-0.280388677568279,0,-0.272006942082489,-0.717901002583879,-0.640804474038684,0,-0.552896591788121,-0.428431491892885,0.714669025174253,0,240.030998058561,-92.2124302376602,-33.7215117443511,1
-0.786802029138897,0.549227871655364,-0.281587130280901,0,-0.271644823566614,-0.717814255506438,-0.641055211679307,0,-0.554212645806984,-0.427891855015559,0.713972621070981,0,240.029936101737,-92.2239273495825,-33.73224426557,1
-0.787704744791585,0.548462997776159,-0.280552268041469,0,-0.272054251333112,-0.718283175208705,-0.640355967055575,0,-0.552727527235982,-0.428085996363452,0.71500675545977,0,239.979236703855,-92.23431485654,-33.7009978271885,1
-0.787990385928607,0.547837538267794,-0.280971855082974,0,-0.27061840449142,-0.718091990826565,-0.641178268394414,0,-0.553025162930768,-0.429206156031602,0.714104505510205,0,240.04114871299,-92.2175195752915,-33.5899011028423,1
-0.787962315267796,0.547974857418916,-0.280782736924002,0,-0.270695246562654,-0.71788787297317,-0.641374372208963,0,-0.553027551941311,-0.429372283077024,0.714002779629761,0,240.016118775964,-92.2172333648919,-33.7345619615094,1
-0.787693891550032,0.548586440343946,-0.280341311057654,0,-0.271574756039124,-0.717648659346847,-0.641270265660247,0,-0.552978738377035,-0.428991047935072,0.71426969394936,0,240.004036269969,-92.259155822768,-33.7474186755428,1
-0.800077066268828,0.527758939413055,-0.285214287686069,0,-0.256576397728827,-0.730802962447433,-0.632531091889209,0,-0.542259384574544,-0.432894365807252,0.720109177759299,0,239.48430026173,-89.9699825856694,-26.2805932188116,1
-0.799719510350211,0.528366229151668,-0.285092673804968,0,-0.256150968709353,-0.729748781748641,-0.633919077458341,0,-0.542987463938606,-0.43393068965956,0.718935859849194,0,239.519943347312,-89.9240841091306,-26.3380019462925,1
-0.799591182893237,0.528743041494022,-0.284753817026297,0,-0.256560516833948,-0.729465817525346,-0.634079113568628,0,-0.54298309498666,-0.433947481999528,0.718929023913333,0,239.485428788112,-89.9396135116845,-26.2670244661606,1
-0.799566666226711,0.528895035433445,-0.284540309539717,0,-0.256906227874398,-0.729447180317194,-0.633960567548679,0,-0.542855723317393,-0.433793559912028,0.719118078649396,0,239.494674147786,-89.9259315804798,-26.4119130681756,1
-0.799564293172491,0.529239841917341,-0.283905144037376,0,-0.257023793136796,-0.728775910923628,-0.634684521174898,0,-0.542803565615728,-0.434500703549194,0.718730427747502,0,239.49660107301,-89.9371479723178,-26.3237349765343,1
-0.799499550159216,0.52944745718543,-0.283700298510761,0,-0.256661888571751,-0.728137451117334,-0.635563157550164,0,-0.543070109884529,-0.435317404154985,0.71803454888311,0,239.55336804458,-89.8676229493545,-26.5347403463418,1
-0.799861725116314,0.529137291953888,-0.283257739448829,0,-0.257114147277464,-0.728544360596808,-0.634913718478638,0,-0.542322354291004,-0.435013610024209,0.718783432704155,0,239.464095227404,-89.9492799431732,-26.3575425899887,1
-0.799832634958235,0.529317649304218,-0.283002795376344,0,-0.257381699022087,-0.728406861157359,-0.634963074223523,0,-0.542238339721816,-0.435024448455418,0.718840254981444,0,239.468715656032,-89.9185300190697,-26.462778165328,1
-0.799136126984323,0.529610850479178,-0.284418349624665,0,-0.257646766252246,-0.729209369012647,-0.633933624273029,0,-0.543138651164007,-0.433319793223088,0.71919007391151,0,239.470403954847,-89.9279885162229,-26.3937661469058,1
-0.799008573632673,0.530438757142325,-0.283231396887399,0,-0.258313730131933,-0.728119162469331,-0.634914562811633,0,-0.543009499076037,-0.434139620590273,0.718793067403217,0,239.465615577405,-89.9471863369793,-26.3812837654575,1
-0.787534685424062,0.551116376797285,-0.275789518437261,0,-0.259833964837338,-0.702731052031139,-0.662310636505347,0,-0.558816096735708,-0.449933114737115,0.69662383126909,0,229.958176855572,-91.6707731188466,-21.2845440402195,1
-0.787214133513285,0.550080428046607,-0.278756938347713,0,-0.259355188720691,-0.705429424328122,-0.65962429713872,0,-0.559489762266106,-0.446968511163994,0.697990226254823,0,229.928197471588,-91.6411683732181,-21.2536760711432,1
-0.787063423680063,0.55010493086762,-0.279133896437086,0,-0.258988564758813,-0.705363341293876,-0.659838980420913,0,-0.559871494567449,-0.447042639793869,0.697636572849317,0,229.917036085296,-91.6213054233318,-21.164040034246,1
-0.787477642620292,0.548996293442038,-0.280146447702073,0,-0.258431482913355,-0.706753063643843,-0.658569112295168,0,-0.559546361807841,-0.446209790140182,0.698430162701084,0,229.950547876715,-91.5998875951811,-21.2575428208645,1
-0.787408415870654,0.549196697000011,-0.27994816416677,0,-0.259110989956161,-0.706953311864057,-0.658087007718873,0,-0.559329492785787,-0.445645602299315,0.698963887229716,0,229.924296816951,-91.6125259821048,-21.2285851142076,1
-0.788115047516403,0.547718870645533,-0.280853539441824,0,-0.25730916667791,-0.707662106679247,-0.658032169056962,0,-0.559166043874034,-0.446338863991332,0.69865224101064,0,229.935593941654,-91.5703397147317,-21.1513851278753,1
-0.788608221144174,0.547357202584467,-0.280173457562861,0,-0.257003464832083,-0.707341184743,-0.658496520439306,0,-0.558611038745321,-0.44729022026563,0.698487771007194,0,229.917331859792,-91.5730251551452,-21.0976831202272,1
-0.789546971945227,0.547043888942779,-0.278134073177817,0,-0.255640291499572,-0.705199564184473,-0.661318089905336,0,-0.557910046919874,-0.451039419834219,0.696634639751336,0,229.96542427669,-91.5125664186643,-21.1953424401581,1
-0.789349442265513,0.547179534783747,-0.278427754918515,0,-0.256044300394924,-0.705582644790809,-0.660752939914217,0,-0.558004277967827,-0.450275124877945,0.697053468311976,0,229.969030711218,-91.5347859553609,-21.1762569128264,1
-0.789816743905165,0.547290989259719,-0.276879186870668,0,-0.256349055841601,-0.704663782352626,-0.661614778711608,0,-0.55720254182493,-0.451576712105053,0.696852782492993,0,229.957002699842,-91.5875677117338,-21.1641192495078,1
-0.804223355552794,0.520566349424348,-0.286767275382692,0,-0.231988848843133,-0.719190250830939,-0.654940117203221,0,-0.547180014616618,-0.460191328641402,0.69915518495354,0,227.649133610381,-89.328243317715,-17.3197499905716,1
-0.803833920266282,0.519068962456736,-0.290548517193651,0,-0.228768422852592,-0.720625597789725,-0.654495039336234,0,-0.549104759890933,-0.459636987223929,0.698009887208506,0,227.580501158104,-89.3357417888033,-17.1113034006723,1
-0.804034775095564,0.519489648264701,-0.289237939736201,0,-0.228451565213195,-0.719027582920414,-0.656360584855054,0,-0.548942586058566,-0.461659875173751,0.696801404179046,0,227.578108345399,-89.3528330606424,-17.2328955904393,1
-0.804073275962623,0.519250439640812,-0.289560266292803,0,-0.227751177080015,-0.718907597842581,-0.656735309773182,0,-0.549177173798587,-0.462115620485862,0.696314286139214,0,227.5536723069,-89.3634907050669,-17.1426499235945,1
-0.802780642771913,0.520510242278144,-0.290881981694059,0,-0.227526911864768,-0.718323906211868,-0.657451344315156,0,-0.551157639852699,-0.461605733768626,0.695086615166722,0,227.591914005001,-89.3423742716467,-17.2411422845084,1
-0.80345175582717,0.520136980921292,-0.28969431671388,0,-0.227172737686535,-0.717595532153967,-0.658368589381868,0,-0.550325197778771,-0.463156748100196,0.694714332210736,0,227.528121615198,-89.3457948400615,-17.2568448396373,1
-0.803478388579041,0.519870677924072,-0.290098185656501,0,-0.227723995510595,-0.718612339585402,-0.657067795029009,0,-0.550058415947905,-0.461877455209019,0.695776512548765,0,227.499581575164,-89.3839352294003,-17.2450124112315,1
-0.802454078990085,0.520862585255061,-0.291152225465628,0,-0.228021241568651,-0.718558758933311,-0.657023305030887,0,-0.551428839022466,-0.460842139177434,0.695378140476606,0,227.553316817373,-89.3925859392678,-17.2733088780737,1
-0.802728351307666,0.520944918618891,-0.29024745609916,0,-0.22831695134991,-0.718101221043585,-0.657420722263906,0,-0.550907037287744,-0.461461838184773,0.695380764880631,0,227.490169073975,-89.4086512518318,-17.2985153993786,1
-0.802431755565331,0.521451231241552,-0.290158389671934,0,-0.228576219321836,-0.717733847175131,-0.657731736029,0,-0.551231520888344,-0.461461523917061,0.69512378201531,0,227.456647927892,-89.4187910577958,-17.1536598797111,1
-0.822781939123115,0.522324349993536,-0.224069529514027,0,-0.25448447114153,-0.691079109456058,-0.676496355068701,0,-0.508200289847047,-0.499586767115837,0.701530845738178,0,229.625906389542,-86.2705025023051,-2.14685664116428,1
-0.822681259455752,0.521526412386404,-0.226286867766699,0,-0.25237269236823,-0.691700170162443,-0.676652716497953,0,-0.509414928606444,-0.499560882956836,0.700667791990097,0,229.62076761199,-86.246606739687,-2.15510792749092,1
-0.822525651480139,0.521962618169989,-0.225846359037074,0,-0.251394611631217,-0.68989007684812,-0.678861127999891,0,-0.51014929373661,-0.501604133854202,0.698670874590041,0,229.696263322563,-86.1967983112791,-2.28949986401631,1
-0.822785589871244,0.521340341783182,-0.226336300954186,0,-0.250959582905989,-0.690563030706231,-0.678337665450974,0,-0.509944272296377,-0.501325192516015,0.699020665288873,0,229.660264166026,-86.213539300396,-2.19840849153752,1
-0.822347715321736,0.522131883963451,-0.226102920931817,0,-0.251279194332142,-0.689793531252816,-0.679001951939434,0,-0.510492900637131,-0.501560744068501,0.698451013606924,0,229.633927939442,-86.2554599216294,-2.18138447500405,1
-0.822122208932052,0.522195309243498,-0.226775511430955,0,-0.250572584028485,-0.689573653050355,-0.679486245005796,0,-0.511202947677311,-0.501797006789475,0.6977616428718,0,229.721049148485,-86.2053496297397,-2.39125786969271,1
-0.821898200451265,0.522810749990846,-0.226168671104067,0,-0.251209660840035,-0.689012039477132,-0.679820649698284,0,-0.51125048107127,-0.501927613455936,0.697632866524236,0,229.638213459912,-86.2488491502725,-2.17731658636149,1
-0.822011601071261,0.522612747257862,-0.226214155409984,0,-0.251153450954403,-0.689217276720434,-0.679633349346368,0,-0.51109575597725,-0.501852031851679,0.697800592109512,0,229.647055819814,-86.2561445716652,-2.26324232830189,1
-0.82250900136492,0.52201346908741,-0.225789461146905,0,-0.251087667721169,-0.689484497299895,-0.679386569709363,0,-0.510327273219868,-0.502108619796991,0.698178349802924,0,229.661222646409,-86.2269311519383,-2.37301456685464,1
-0.822324831512048,0.522281288132952,-0.225840934165766,0,-0.250225025624338,-0.688374719974286,-0.680828672612738,0,-0.511047265945119,-0.503351269956188,0.696755474326188,0,229.697845409901,-86.2243574894456,-2.38775786197107,1
-0.825305808707189,0.523673157509223,-0.211274102100786,0,-0.259096325718673,-0.683609802288326,-0.682309850591649,0,-0.501736401024737,-0.508373939457597,0.699868931705864,0,237.07762663706,-85.5837064387969,5.42789608784165,1
-0.824612883073867,0.525401590575526,-0.209682525951289,0,-0.258220199091403,-0.67938703097291,-0.686844662880197,0,-0.503324867108512,-0.512236694084407,0.695900601654918,0,237.078390291023,-85.5550783055801,5.57258337345547,1
-0.824661054503132,0.525652461300324,-0.208862718345552,0,-0.258377338844522,-0.678562137643581,-0.687600593461202,0,-0.503165276979051,-0.513072037130738,0.695400452082906,0,237.06035114439,-85.5976158081905,5.55655167630084,1
-0.824512896764617,0.525491641339022,-0.209849989162831,0,-0.258139175663671,-0.679342844625465,-0.686918820126412,0,-0.503530186837393,-0.512202923009038,0.695776915831861,0,237.102848634608,-85.5176347725396,5.60781350338493,1
-0.824181761376898,0.52610848261389,-0.209605078028619,0,-0.258822022842395,-0.679119453970499,-0.686882761270497,0,-0.5037217334059,-0.51186583374994,0.695886329463393,0,237.130350145918,-85.5353146951649,5.49283561952711,1
-0.824706255732755,0.526469933240553,-0.206613167898242,0,-0.260330033398972,-0.67769721572253,-0.687717062106519,0,-0.502083524391858,-0.513376950393781,0.695957068603109,0,237.000327640992,-85.589555872656,5.76938965466707,1
-0.825005599863618,0.525633647896279,-0.207545244206949,0,-0.25921380379538,-0.678316578096239,-0.687528053101646,0,-0.502169258433451,-0.513415901661665,0.69586647268376,0,237.078775639238,-85.5264412435474,5.68776259778883,1
-0.825043343317618,0.526315821597968,-0.205657816731924,0,-0.259138150061747,-0.675835854865808,-0.689995156838349,0,-0.50214629425085,-0.515982124897227,0.693982381589533,0,237.088181151393,-85.6161424836094,5.55262044702386,1
-0.825336498150681,0.526675424669341,-0.203550145835711,0,-0.260186787849364,-0.674683768872818,-0.690727621749847,0,-0.501121243062993,-0.517121657899704,0.693875126144511,0,237.072049106565,-85.6435093362246,5.42544125431527,1
-0.825950538758096,0.525928709857863,-0.202989407783892,0,-0.259927457188835,-0.674796813796727,-0.690714830511936,0,-0.500243365297889,-0.517733765788006,0.694052104123612,0,237.119941228188,-85.5689126154729,5.31676513555863,1
-0.832073351290295,0.519536732659675,-0.194256329343081,0,-0.265915259583053,-0.68099556693695,-0.68230060276472,0,-0.486767924984192,-0.516068426886912,0.704791008723191,0,247.673882598406,-81.0548575495877,7.6353227396271,1
-0.831280723641112,0.519624039699621,-0.197391022766884,0,-0.264424689389719,-0.682033267831049,-0.681843240938012,0,-0.488929383596303,-0.514608082853299,0.704362533726909,0,247.645463458743,-80.9981732080242,7.83358524831328,1
-0.831049890376795,0.519865267637794,-0.197727547925427,0,-0.263804202983576,-0.681386136246439,-0.682730016785076,0,-0.489656432810718,-0.51522134741782,0.703408516419903,0,247.694768457089,-80.961784205774,7.68251611935534,1
-0.830881719850275,0.519844142496446,-0.198488375303905,0,-0.263560661379466,-0.681811996991328,-0.682398841244558,0,-0.490072796012865,-0.514678995365881,0.70351559068531,0,247.75292294646,-80.9205623989853,7.57016741096709,1
-0.830998223316542,0.519604044290934,-0.198629277804796,0,-0.262881284993287,-0.681502816684698,-0.682969502138347,0,-0.490240127738467,-0.515330523069736,0.702921808701113,0,247.719979367561,-80.9261876555631,7.75611722814347,1
-0.831296466088022,0.518896467006798,-0.199230123217923,0,-0.261870044600158,-0.681792243914706,-0.683069115008768,0,-0.490275703263661,-0.51566054014789,0.702654923930452,0,247.741319007076,-80.8836705534704,7.70092300872057,1
-0.831227910341139,0.518937796749869,-0.199408435564537,0,-0.260944602296851,-0.680924121661339,-0.684288137462482,0,-0.490884992235496,-0.516764843661143,0.701417151739128,0,247.728178550375,-80.9137947252506,7.76348876030329,1
-0.831560171247999,0.518515591117565,-0.199121227803567,0,-0.260424533742379,-0.680623548870345,-0.684785110051468,0,-0.490598352849927,-0.517583970473525,0.701013615908992,0,247.697144546256,-80.9221300527088,7.98303476138312,1
-0.831445329147996,0.518513214645859,-0.199606389866654,0,-0.260798026557899,-0.681440778959048,-0.683829550484031,0,-0.490594592287244,-0.516509933117751,0.701807975880304,0,247.711768545923,-80.9335731627248,7.71469116960157,1
-0.831314643771938,0.518362762125005,-0.200539297626353,0,-0.260834324284251,-0.682462053579044,-0.682796456273648,0,-0.490796717924554,-0.515311160627062,0.702547499751922,0,247.711018819829,-80.8968531102321,7.76077871962252,1
-0.741364888225149,0.48817502065137,-0.460503259183849,0,-0.123063877734616,-0.773445659669991,-0.621801490457021,0,-0.659722202524542,-0.404310475686307,0.633482166084002,0,249.428808968253,-55.0837921234151,-27.2605546633288,1
-0.741469898225567,0.489004139829597,-0.459453306936497,0,-0.124283186925836,-0.772984862103636,-0.62213189309517,0,-0.65937552234893,-0.404189750226473,0.633919999951837,0,249.349601901623,-55.0770778139128,-27.1504953075066,1
-0.741243164946053,0.489338854072093,-0.459462791002894,0,-0.124216867791458,-0.772679099969162,-0.622524841453676,0,-0.659642888369789,-0.404369254971562,0.633527241290306,0,249.412574720365,-55.067381277003,-27.1739960214563,1
-0.740648459042012,0.489338012064583,-0.460421730663721,0,-0.124420472397473,-0.773296962733809,-0.621716457458749,0,-0.660272221259598,-0.403187446946639,0.633624870453778,0,249.41954050412,-55.0881873956844,-27.2584577671441,1
-0.740681987252058,0.490229893444472,-0.459417941893613,0,-0.125078154435143,-0.772464641849994,-0.622618528775572,0,-0.660110330962514,-0.403699180906999,0.633467696328375,0,249.45403453897,-55.0573204042414,-27.3760144334242,1
-0.741028877617314,0.489709043110098,-0.459414035085364,0,-0.125431069604432,-0.773098579184078,-0.621760109400279,0,-0.65965388600016,-0.403117402204062,0.63431310149258,0,249.391570964551,-55.0560852343226,-27.255299456792,1
-0.741010943686913,0.489801454702275,-0.459344441903639,0,-0.125267935275476,-0.772888590074133,-0.622053994219985,0,-0.659705029333602,-0.40340768746363,0.63407532042116,0,249.422559992802,-55.0473541182621,-27.3123748022042,1
-0.741475096904348,0.490109683697788,-0.458265401941214,0,-0.125236485233027,-0.772065215655521,-0.623081957322848,0,-0.659189277398507,-0.404608206442292,0.633846744759635,0,249.347857849553,-55.059877317859,-27.2338797378084,1
-0.740999268176885,0.489892877346613,-0.459265776306462,0,-0.125651266563243,-0.77300877684417,-0.621827299282472,0,-0.65964524084721,-0.403066247218663,0.634354598454753,0,249.397345935433,-55.1071456240156,-27.2813322959228,1
-0.741641677950953,0.489959553878293,-0.458156367509477,0,-0.12584440011386,-0.772503293258644,-0.62241613801743,0,-0.658886036038159,-0.403953335755423,0.634579304772846,0,249.335364999352,-55.0977968164408,-27.214248110191,1
-0.733405725242233,0.337295359901941,-0.590210032421115,0,-0.241366929335773,-0.940857706682721,-0.237757820478637,0,-0.635498267192707,-0.0319157635714957,0.771442374018121,0,247.790122616429,-68.0570175926021,-23.4379576253179,1
-0.732601038667734,0.338427796782613,-0.590561042152142,0,-0.245924305825678,-0.940628400604967,-0.233964629334224,0,-0.634678622569814,-0.0261694161228093,0.772332964279445,0,247.809762502168,-68.0090795392141,-23.4381260416378,1
-0.732300805261163,0.339703216566055,-0.590201029538688,0,-0.246897226123377,-0.940167139732883,-0.234792480925329,0,-0.63464737480465,-0.0262197258026216,0.772356935381823,0,247.782426301018,-67.9929291145032,-23.3414962390682,1
-0.732407342002609,0.339146718147539,-0.590388845550479,0,-0.247288144991399,-0.940401916361679,-0.233436948767743,0,-0.634372176823185,-0.0249747727323901,0.772624230787244,0,247.748832206725,-67.9733753851748,-23.3358299601291,1
-0.731947403395675,0.338711077159247,-0.59120876589573,0,-0.250159098262834,-0.940680406299604,-0.229217797651791,0,-0.633777109257391,-0.0198791200417447,0.773260238449974,0,247.73953632918,-67.9779112314723,-23.3368864421489,1
-0.732432470892671,0.34044533813796,-0.589609741542817,0,-0.253407825477409,-0.940099492453519,-0.228029424144007,0,-0.631923373178163,-0.0176044320773657,0.774830906974138,0,247.710296275862,-67.9236815722707,-23.3328339060424,1
-0.73125216767894,0.339870698895211,-0.591403563818593,0,-0.256337881887032,-0.940397891009327,-0.223478627378279,0,-0.632108501425604,-0.0118200938105805,0.774789731351537,0,247.69147917031,-67.9002375105247,-23.2328286116326,1
-0.730964363251705,0.341079193322508,-0.591063519038772,0,-0.259755892119372,-0.939999188189507,-0.221197655304789,0,-0.631045145901067,-0.00815537157550353,0.775703238196907,0,247.761372434391,-67.9585298368648,-23.3294343368091,1
-0.731705287774767,0.339891530127296,-0.590830872238554,0,-0.259652796630122,-0.940437379088374,-0.219449222408159,0,-0.630228368962078,-0.00716126812195547,0.776376789448451,0,247.747813671465,-67.893606420942,-23.4552075610986,1
-0.731170542316254,0.3391341152178,-0.591927098504871,0,-0.261912711163492,-0.940734715098244,-0.215452842961086,0,-0.629913779639678,-0.00249954085088616,0.776661047378836,0,247.740208607214,-67.9059943633596,-23.3635975179288,1
-0.697398075368752,0.349512107425551,-0.625681397545837,0,-0.288278005557492,-0.936086816710188,-0.201586862402245,0,-0.656149156810977,0.0397838955399873,0.75358179759858,0,244.190082170185,-63.9208315033712,-23.6548166120133,1
-0.697037649694127,0.347462345985877,-0.62722279377497,0,-0.284801169113162,-0.9369454906828,-0.202537506553586,0,-0.658047725458165,0.0374575174185147,0.752043965076629,0,244.243847732527,-63.8588198707951,-23.4848001240318,1
-0.697799850986422,0.345276642722918,-0.627582192189452,0,-0.284146739749204,-0.937698681690486,-0.199954526444948,0,-0.657522621856636,0.0387971950779458,0.752435232695053,0,244.188082951545,-63.8242039728157,-23.6022892416611,1
-0.697357808905767,0.345022255395087,-0.628213124377575,0,-0.283858712958174,-0.937788385124235,-0.199942931367449,0,-0.658115732554599,0.0388920044246512,0.75191162682589,0,244.212214484131,-63.869305480271,-23.503220709782,1
-0.698011370344822,0.345654773370836,-0.627138664503553,0,-0.281407221300928,-0.937733090558013,-0.203633559788675,0,-0.658475590032793,0.0343428088320329,0.751818108861773,0,244.255105931201,-63.8611391197523,-23.5689458976567,1
-0.698046461962139,0.345433215317277,-0.627221675883182,0,-0.281674416686283,-0.937791447180036,-0.202994395440897,0,-0.658324129837713,0.0349727801517264,0.75192170119094,0,244.216787390334,-63.8605775095281,-23.5558381643748,1
-0.69753093804317,0.344941840139507,-0.628065058249371,0,-0.280690402936452,-0.93799355683784,-0.203423167387764,0,-0.659290139598635,0.0343978815026224,0.751101389677948,0,244.252218936017,-63.8073040085534,-23.597955362093,1
-0.696935821682108,0.345019281110497,-0.628682874045636,0,-0.281434128846353,-0.937918823371089,-0.20273902408438,0,-0.659602373841074,0.0356367286403791,0.750769426651774,0,244.241670069077,-63.779580684599,-23.4505522976892,1
-0.696858265425433,0.34645466919329,-0.627979076166097,0,-0.282205926557355,-0.937411515984151,-0.204008491774731,0,-0.659354512325625,0.0350544133378874,0.751014523948355,0,244.274740885681,-63.8083467422203,-23.4905098146953,1
-0.696708120835619,0.345960631818962,-0.628417882935492,0,-0.282778039897659,-0.93753771860882,-0.202631701215302,0,-0.659268059679323,0.0365276253976973,0.751020211491986,0,244.304396631524,-63.7865695721488,-23.5469689001859,1
-0.709984069007248,0.273644487866708,-0.648876965237693,0,-0.204825914551222,-0.961822417076125,-0.181504773320418,0,-0.673772191830567,0.00404132032976368,0.738928075827293,0,242.060671575218,-70.3024579041062,-21.5495320247935,1
-0.710037600539174,0.273977538181714,-0.648677820179216,0,-0.197161084185919,-0.961708519213358,-0.190379176789591,0,-0.675998604068976,-0.00728235156641224,0.736866917870831,0,242.072447937111,-70.2082320448441,-21.4151879349695,1
-0.709168450601955,0.273382198931469,-0.649878667120423,0,-0.199009848854719,-0.961898688797091,-0.18747264480254,0,-0.676369121655953,-0.00361742972732668,0.736553952859207,0,241.995277464278,-70.1173914270188,-21.3015769168028,1
-0.709573133520166,0.274654904295743,-0.648899569835479,0,-0.197183000256876,-0.961511017958273,-0.191351578918344,0,-0.676479735539854,-0.00782597541156432,0.736419663991115,0,242.061201365493,-70.1986373346978,-21.3800759831458,1
-0.709449322217531,0.272470262700023,-0.649955087024686,0,-0.196661567347769,-0.96214525328621,-0.188681582320939,0,-0.67676132213167,-0.00603883457259119,0.736177726736961,0,242.103620845046,-70.1602209731593,-21.5446950409494,1
-0.709577855244769,0.272770120287176,-0.649688947747115,0,-0.195905121962858,-0.96204994959015,-0.189950197900153,0,-0.676845957759187,-0.00750706148299035,0.736086403551199,0,242.091024367387,-70.1785005460973,-21.4941193873933,1
-0.710104511351554,0.273795964844215,-0.648681241129413,0,-0.195777074488181,-0.961745005818021,-0.191619103663867,0,-0.676330481394281,-0.00907267430917444,0.736542440405073,0,242.087877981319,-70.18806405243,-21.5020861255223,1
-0.708581894236354,0.275449505443973,-0.649645494951741,0,-0.196399701856507,-0.961269369896825,-0.193360687857787,0,-0.677745421431305,-0.00942170095217029,0.735236271738596,0,242.062363567809,-70.1071666426075,-21.3812106937519,1
-0.708335734345944,0.276028987980675,-0.649667980773993,0,-0.196921577371254,-0.961104958677285,-0.193646974599533,0,-0.677851296239972,-0.00923342841521843,0.735141050401548,0,242.113388553674,-70.1190385337113,-21.4406245537757,1
-0.708667638293898,0.278388746908352,-0.648297681647672,0,-0.198192546815289,-0.960413825025742,-0.195767717170866,0,-0.677133585654867,-0.0102464771614658,0.735788771920285,0,242.057834900447,-70.234241620808,-21.3805617955927,1
-0.774358745111039,0.288480314962119,-0.563158629294991,0,-0.0946570305377757,-0.932820971457312,-0.347685320051346,0,-0.62562655029964,-0.215926244557702,0.749644766853861,0,238.513094528621,-71.8069171950684,-17.9775489644715,1
-0.774755412744864,0.288639838553604,-0.562530971611595,0,-0.0955693099602899,-0.932952576769045,-0.347082117795939,0,-0.624996445922894,-0.215143052641142,0.750395168883703,0,238.480585273791,-71.7736330654761,-17.9560527270967,1
-0.775267672538079,0.289130333683375,-0.56157251184645,0,-0.0952013017557207,-0.932412162424124,-0.348632000119878,0,-0.624417126656058,-0.216820685147221,0.75039459115247,0,238.471259837683,-71.7204600276757,-17.9652582557978,1
-0.775079022894807,0.289040350859717,-0.561879154127755,0,-0.096095166213282,-0.932817517975936,-0.34729986638013,0,-0.624514393187917,-0.215190970377724,0.750782670930158,0,238.417723237741,-71.7202106198624,-17.9189189896654,1
-0.774384058196488,0.289890128246543,-0.562399363403216,0,-0.096701665279189,-0.932648724830055,-0.34758472924613,0,-0.625282430860944,-0.214779118207699,0.750261162555115,0,238.544176202893,-71.6902662635081,-17.9902287569735,1
-0.774306300240853,0.289240316470841,-0.562840823621715,0,-0.0966292729288364,-0.933041205790432,-0.34654998472137,0,-0.625389907993859,-0.213948936956895,0.750408765510137,0,238.467680848296,-71.7046218632931,-17.8907032730697,1
-0.774290111710903,0.290244039327432,-0.562346175003985,0,-0.0974719983598792,-0.93271413817681,-0.347193816161553,0,-0.625279163608103,-0.214015733253391,0.750482000768549,0,238.463281022089,-71.687819742468,-17.9636245315078,1
-0.774240309643651,0.289500182786975,-0.56279799847655,0,-0.0980107469352705,-0.933366005123899,-0.345285090851376,0,-0.625256616444875,-0.212173383451744,0.751023713970834,0,238.475756781093,-71.6639188262544,-18.0547729801026,1
-0.773848548625188,0.290732872050673,-0.562701360314561,0,-0.0999803058211969,-0.933357084569003,-0.344744095138336,0,-0.62542974204829,-0.210520663579652,0.751344586702661,0,238.475608331783,-71.6443921577105,-17.9450666583889,1
-0.772901413575103,0.290067677788569,-0.564343997217969,0,-0.0993978501437226,-0.933762199943774,-0.343814225044527,0,-0.626692486216657,-0.209639920479162,0.750538227847907,0,238.589568452776,-71.5956603115658,-18.0319519758461,1
-0.879432463890719,0.434939308725984,0.193458882401565,0,-0.472456844079551,-0.847167858882702,-0.243086711604088,0,0.05816418088042,-0.305179318763676,0.95051697063306,0,241.155875481717,-68.7226854697853,-3.17654490199834,1
-0.881107885866623,0.432925757063344,0.190326515059728,0,-0.468955380500044,-0.851819985182527,-0.233417145779179,0,0.0610716346900037,-0.294920331131596,0.953568169415024,0,241.096416196658,-68.6090107316617,-3.24221562332605,1
-0.881332651386168,0.433887408842429,0.187068100029454,0,-0.468680062218026,-0.852997666904435,-0.229638802328565,0,0.0599312679653498,-0.29006326327819,0.955129073170989,0,241.074644657822,-68.5596547204632,-3.37394434936436,1
-0.881795944113102,0.433207976448518,0.18645847282187,0,-0.467526270893127,-0.854954671543308,-0.224659065321301,0,0.062089443309232,-0.2852776870834,0.956431671517571,0,241.062606439745,-68.5611657951218,-3.32544419973965,1
-0.881262744067917,0.434777330622709,0.185323092717766,0,-0.468847383151104,-0.853694355976591,-0.226689386355151,0,0.0596498720052912,-0.286661157728606,0.956173244459103,0,241.053293062937,-68.5858516722969,-3.14570346595542,1
-0.88239148034583,0.432554408571924,0.185153879349283,0,-0.466618511275653,-0.855024756669464,-0.226273795250837,0,0.0604354229569773,-0.286058296693729,0.956304454943452,0,241.075018362189,-68.5269611236165,-3.3974805468049,1
-0.882403034521999,0.432817661414575,0.184482401962862,0,-0.466554938291951,-0.855578437210663,-0.224303426936712,0,0.060756680470232,-0.283997200246372,0.956898226579222,0,241.050396022048,-68.533792731396,-3.32015864849109,1
-0.881923464436766,0.434079186628238,0.183810398541599,0,-0.467294520353176,-0.856358550420016,-0.219740447734196,0,0.0620228516254247,-0.27968784896505,0.958085524897205,0,241.059733003432,-68.4842167866159,-3.48676770240718,1
-0.8840090523935,0.431933104776313,0.178778601305195,0,-0.463199646290509,-0.860919753513949,-0.210388368703759,0,0.0630403280661984,-0.268795407341303,0.96113211684426,0,241.083111351266,-68.4415927793669,-3.31052162188621,1
-0.883623701622334,0.432798107735603,0.17859157838971,0,-0.463896305536613,-0.860897078720644,-0.20894122991823,0,0.0633195991832509,-0.267473396416809,0.961482506636771,0,241.091680946054,-68.4318482400101,-3.30496553026023,1
-0.850042211147098,0.483080819612623,0.209907505798504,0,-0.521613769846351,-0.827401564124569,-0.208148328820808,0,0.073125333331416,-0.286425511096015,0.955307862533621,0,242.557622191241,-62.3816019855486,-3.58362881831431,1
-0.846774643520415,0.486857088929596,0.214342898295873,0,-0.525640789141289,-0.827680545747307,-0.196587575859624,0,0.0816973921358453,-0.279132744676149,0.956770843497941,0,242.550784521086,-62.4288228862887,-3.43183407927859,1
-0.84688713657328,0.485584152578354,0.216772250695221,0,-0.525356109201764,-0.827131772556522,-0.199634639659278,0,0.0823597986343695,-0.282950634550035,0.955591859517775,0,242.554548302463,-62.4684208126528,-3.4429250350704,1
-0.847234915852235,0.485541618111239,0.215504836239877,0,-0.524860953307785,-0.827692838234707,-0.19860902604821,0,0.0819388616817441,-0.28137857526275,0.956092108705749,0,242.548399113501,-62.4565980142716,-3.47366179082201,1
-0.846591224759119,0.485987581769053,0.217023889300519,0,-0.525710427174924,-0.827219080986171,-0.19833592415887,0,0.0831375060993202,-0.282001174498729,0.955805154129712,0,242.554302473522,-62.4962098417851,-3.45572267976331,1
-0.846798019450757,0.485991956586687,0.216205764001144,0,-0.525221485101503,-0.82823270238323,-0.195379073318367,0,0.0841160260714119,-0.279002524784303,0.956599229208313,0,242.551911972085,-62.4683983362107,-3.71494530293489,1
-0.846201090603746,0.486320571453377,0.217798108445165,0,-0.525754250504808,-0.828529631154927,-0.192668415611923,0,0.0867535724749065,-0.277544504682657,0.956787785030359,0,242.542517846266,-62.6090621771154,-3.38070429815457,1
-0.846138321957724,0.486384928435375,0.217898236581856,0,-0.525468688694327,-0.829654143518985,-0.188564735153856,0,0.0890651296323729,-0.27405054922896,0.957582215348047,0,242.552698157356,-62.5787276145448,-3.51714480519217,1
-0.845611061156873,0.486191387203339,0.220363037414261,0,-0.526224796089419,-0.828562590257909,-0.191236759033802,0,0.089606903918146,-0.27767241316774,0.956487654774388,0,242.603172161752,-62.5802406647021,-3.65942568363198,1
-0.845744737174597,0.485998745738617,0.220274961541168,0,-0.52580081767203,-0.829342828992901,-0.189007862623427,0,0.0908258755911327,-0.275673159989403,0.956950870831184,0,242.645223656614,-62.5818339782762,-3.68509064291175,1
-0.798172685825191,0.477750946044512,0.366980104578128,0,-0.583591716270064,-0.764332915487267,-0.27425517862694,0,0.149469302211395,-0.43306954159385,0.888881150570835,0,248.632559186888,-64.5680950466191,-0.61894173702126,1
-0.798046495925846,0.476622854649897,0.368717296537416,0,-0.583803218824602,-0.763147226644589,-0.277092244847645,0,0.149317085527787,-0.436390839603738,0.887280926809222,0,248.673387449771,-64.5301527930012,-0.606568866819089,1
-0.797833263492677,0.477395474322332,0.368178821717357,0,-0.584167120302115,-0.763132033440632,-0.276366197453127,0,0.149033080967147,-0.435572107271944,0.88773086019588,0,248.659186663213,-64.5040703847994,-0.660097550285855,1
-0.798773758549912,0.477583513875985,0.365888603164835,0,-0.583252074566491,-0.763880647429941,-0.276230653613783,0,0.147572016879661,-0.434051084269906,0.888719391078077,0,248.63214267152,-64.4691716739829,-0.726153353512018,1
-0.798470397859902,0.476411540877363,0.368072095465422,0,-0.583630790957538,-0.762553504163455,-0.279082878611917,0,0.147716361949949,-0.437657625327027,0.886924844282411,0,248.674416987832,-64.5239865865178,-0.56133021827327,1
-0.798705781203509,0.477663026704435,0.365933201543192,0,-0.583722352845786,-0.762700134768704,-0.278490070221506,0,0.146072892284201,-0.436035018482871,0.887995592779812,0,248.650999531634,-64.418723657537,-0.759277933214435,1
-0.799076403881593,0.477245083184631,0.365669292306255,0,-0.583325318426471,-0.762723937299574,-0.279255740053616,0,0.145631293485701,-0.436450828898665,0.887863841087895,0,248.635806008146,-64.4409240057919,-0.764793913954918,1
-0.798533923526563,0.47758166360795,0.366414147601777,0,-0.583557856133082,-0.763512238151551,-0.276603128576252,0,0.147661103621215,-0.43470083595304,0.888386954935231,0,248.624197055215,-64.4672752743151,-0.814271123382468,1
-0.799015645505585,0.477022835525694,0.366091809010146,0,-0.583052170977387,-0.763506111280578,-0.27768432428887,0,0.147051569715696,-0.435324743638858,0.888182528211354,0,248.632697713804,-64.4757569999641,-0.662697255113017,1
-0.79866578247471,0.476459285728428,0.367586067400842,0,-0.58398085628445,-0.761094344908126,-0.28231499719666,0,0.145256075251054,-0.440138554539393,0.88610311217749,0,248.63363723873,-64.412615448792,-0.831173603737852,1
-0.706545411012452,0.55891711268232,0.43405672823734,0,-0.651300269358404,-0.753469109404123,-0.089956991431618,0,0.276769834539308,-0.346259963502303,0.896383007628139,0,249.525561965887,-57.3645719833968,-1.96367374825149,1
-0.705803953248781,0.559660055858965,0.434305654412112,0,-0.65118486668023,-0.753950961112153,-0.08669612243181,0,0.278924808837512,-0.344003735610533,0.896583727769446,0,249.575566753808,-57.3968741171971,-1.92910739738772,1
-0.706632391287594,0.559583725974325,0.433055097196496,0,-0.650506438707556,-0.754567968973628,-0.0864207926313217,0,0.278409836002948,-0.342772860395488,0.897214985047122,0,249.524744959796,-57.3884779022166,-1.99707909541212,1
-0.706207280348668,0.560475159981381,0.432595506479649,0,-0.650644036286949,-0.754678006050474,-0.0844005049031531,0,0.279165927768352,-0.341069937443226,0.89762892252072,0,249.571455378345,-57.4427382739782,-1.85833291929362,1
-0.706654390309936,0.560250516224665,0.432156142760564,0,-0.650244014013922,-0.75501612242526,-0.084459322262182,0,0.278966476291966,-0.340690495828575,0.897835002189892,0,249.532538259282,-57.4036462315415,-1.99815426893088,1
-0.707181300268359,0.559454675620387,0.432325195283875,0,-0.649313726887447,-0.755869425598233,-0.0839827096569987,0,0.279796877441989,-0.340105685592412,0.897798323679337,0,249.565354287721,-57.4186854003921,-1.89776155349546,1
-0.707242748066086,0.559295790610291,0.432430241673199,0,-0.649412808128646,-0.755703204547166,-0.0847093340524578,0,0.279411345414601,-0.34073579976685,0.897679461061045,0,249.548885268625,-57.4567983408737,-1.879947674606,1
-0.708421057528164,0.558085644673005,0.432064831316545,0,-0.648932737871148,-0.755762221942266,-0.0878052709348613,0,0.277535415703532,-0.342584116816303,0.897557917872413,0,249.517492905568,-57.4665471041134,-1.9147644232105,1
-0.708765378566013,0.557354849036008,0.432443303107152,0,-0.648649253328272,-0.755876348856744,-0.0889105808982963,0,0.27731892164591,-0.343520767196171,0.897266793212645,0,249.516237612872,-57.4247095624476,-2.04470596002807,1
-0.708877442653643,0.557504841247592,0.432066109851639,0,-0.649282172016095,-0.755090297886299,-0.0909467049432935,0,0.275545699293046,-0.345002889876994,0.897244433572941,0,249.514256477757,-57.3897688797271,-2.03690893889097,1
-0.712946670262488,0.532457078294929,0.456285552187726,0,-0.639691861785852,-0.760401551639949,-0.112177547791474,0,0.2872305125271,-0.371858763561095,0.88273421403967,0,245.7882332996,-53.038132360581,-0.844341556110066,1
-0.715392979096485,0.532373978847296,0.452538210658232,0,-0.635831678553506,-0.764553397692358,-0.105717447116841,0,0.289708408589201,-0.363367649527816,0.885456373442161,0,245.673576676777,-53.0615969869357,-0.952180610761388,1
-0.715666714678441,0.532033975506087,0.452505251249701,0,-0.634780662424924,-0.76570679291092,-0.103665895556098,0,0.291332566172649,-0.361431814035873,0.885715744293843,0,245.681464401284,-53.0039414980278,-1.07986756522405,1
-0.716216947120473,0.53190275114585,0.451788388497211,0,-0.634237907741131,-0.766193343774582,-0.103392631940957,0,0.291162430683603,-0.360592877465712,0.886113545590753,0,245.660177618486,-53.0090455439732,-1.05020423106407,1
-0.715991109545982,0.53159245093877,0.452510991199137,0,-0.633899005555292,-0.766604746154617,-0.102416863500243,0,0.292453042054833,-0.360175831057731,0.885858108793246,0,245.689479635444,-53.0930781111385,-0.97483633254501,1
-0.716597652507488,0.532518377297737,0.45045752547931,0,-0.633469774840644,-0.767172690397135,-0.100807278865002,0,0.291896983170606,-0.35758948663098,0.887088445571743,0,245.616137047384,-52.9740800671797,-1.13493331857831,1
-0.716708865404546,0.532255511590204,0.45059124784263,0,-0.632941809257996,-0.767728973137574,-0.0998843826548458,0,0.292767942821174,-0.35678606220952,0.887124927769072,0,245.62213748704,-53.0077155403662,-1.15925088281028,1
-0.717152216670722,0.532886198504748,0.449138060697853,0,-0.632967907279544,-0.767717128713482,-0.0998100126945225,0,0.291623604117403,-0.355868950209323,0.887869902518658,0,245.603048023296,-52.98429651309,-1.15860834100454,1
-0.717091690951599,0.532377358103911,0.449837587743038,0,-0.632967792879318,-0.767620338783767,-0.100552417489484,0,0.29177265112697,-0.356838008154673,0.887431888085246,0,245.577163982867,-53.022748458623,-1.15425725268233,1
-0.717631990778832,0.532345827417732,0.449012523034426,0,-0.632098862196374,-0.768525955054418,-0.0990902861926654,0,0.292327477704132,-0.35493066426927,0.888014002896641,0,245.606665989713,-53.0012222376748,-1.23701125360549,1
-0.617776522039853,0.643794464756249,-0.451531677698872,0,-0.50514178558204,-0.764968550188308,-0.399568384237025,0,-0.602647446916794,-0.0187564488113704,0.797787095880007,0,215.554203219243,-87.9096852066816,9.34108392430653,1
-0.619104772163867,0.641587556887971,-0.452851728417206,0,-0.495000951899979,-0.766494282896592,-0.409219466674,0,-0.609658378685999,-0.0291876880441583,0.792126719764329,0,215.526569627807,-87.9294174881143,9.35279473459354,1
-0.6201199267599,0.640061285486411,-0.453621899004865,0,-0.491267589418025,-0.767641784897049,-0.411560743593793,0,-0.61164322282087,-0.0323672813432857,0.790471332228908,0,215.565485613832,-87.862218100746,9.36236265152888,1
-0.621115141348418,0.639458174371282,-0.453110609473539,0,-0.489208479017367,-0.768027178405752,-0.413290838620473,0,-0.612283468048296,-0.0350356455605786,0.789861670354312,0,215.535137484158,-87.8540049403561,9.41799211825446,1
-0.620855238966157,0.640389483930623,-0.452150507153698,0,-0.48644065847768,-0.767017259254726,-0.418401732531272,0,-0.614747312339044,-0.0398225172036949,0.787718166031153,0,215.517748549726,-87.9426704636988,9.35229622583984,1
-0.621342966802583,0.639855940859585,-0.452235881539334,0,-0.484464557603199,-0.76735061615128,-0.420079902302631,0,-0.615814103468978,-0.0419214365086098,0.786775433735544,0,215.473109211652,-87.9056923690919,9.50687800584592,1
-0.62233782260852,0.639176815811456,-0.451828100808276,0,-0.480072109120978,-0.767600132159873,-0.424641975259491,0,-0.618244615500225,-0.0473606929560177,0.784557556950224,0,215.560247754444,-87.8624078445336,9.38533516531606,1
-0.622602152614199,0.638696558481955,-0.452142970467829,0,-0.47892860569228,-0.76794410095033,-0.425310766928416,0,-0.618865050079429,-0.0482551965999049,0.784013702553272,0,215.526160280724,-87.9088220362187,9.38122484286123,1
-0.623346938576681,0.637887795812603,-0.452258503646331,0,-0.477525740555792,-0.768539171168807,-0.425812998258396,0,-0.6191992904338,-0.0494641519941605,0.783674381611251,0,215.518934841206,-87.9603060347113,9.31580153922437,1
-0.623829338607298,0.637568799821871,-0.452043119388494,0,-0.476030642387086,-0.768681444432863,-0.427227883562327,0,-0.619864326930756,-0.0513309115281151,0.783028322425424,0,215.4874286058,-87.9061705838193,9.50595609821767,1
-0.670754030851529,0.595511031607139,-0.442103654509468,0,-0.411257987899166,-0.794684154505746,-0.446479520209624,0,-0.617216248559251,-0.11765927847683,0.777946268519078,0,226.059480651947,-87.4645831410571,12.7022919977103,1
-0.671723409177703,0.589898715806008,-0.448115126561364,0,-0.401846260435126,-0.798325378629736,-0.448548963670627,0,-0.622340135727231,-0.121227451206862,0.773302437948374,0,226.153430169092,-87.3935594862284,12.6525007846913,1
-0.672162726519261,0.590102007235931,-0.447187757138228,0,-0.400745535101264,-0.797818084371379,-0.450432370446869,0,-0.62257552567909,-0.123555353207008,0.772744323511533,0,226.159560407621,-87.3925029175697,12.6177877960808,1
-0.672708708665424,0.589705374319143,-0.446889879931082,0,-0.398866514238948,-0.797731733198072,-0.452249472821882,0,-0.623192183122164,-0.125982750199854,0.771854811183757,0,226.174217861238,-87.382482398733,12.5858436607873,1
-0.673073634508958,0.589166223860395,-0.447051499484103,0,-0.397288015502424,-0.797881841219452,-0.453372694579639,0,-0.623806151995191,-0.127545004270415,0.77110191065683,0,226.200407767076,-87.3667128496785,12.6223613753214,1
-0.674273258618004,0.588323076621994,-0.446353593271847,0,-0.394899659209408,-0.797992565259463,-0.455260502291727,0,-0.624027108280523,-0.130705100530365,0.770393629793494,0,226.22526671411,-87.3338732686332,12.6551085790552,1
-0.674554628837913,0.588114274114775,-0.446203600720339,0,-0.393913410032883,-0.797937810116059,-0.456209904083036,0,-0.624346280608454,-0.131972920592212,0.769918742544141,0,226.217852657708,-87.3446821305694,12.6955466373613,1
-0.675200408351695,0.588340463418375,-0.444926856535269,0,-0.393165139486299,-0.797405111716201,-0.457784076723506,0,-0.624119845586105,-0.134166265929725,0.769723217417827,0,226.173079672106,-87.3735100020767,12.6611612076872,1
-0.675372347316746,0.587880886182242,-0.44527323762096,0,-0.392396546593793,-0.797674373221174,-0.457974392873088,0,-0.624417442662466,-0.134579559992557,0.769409643383208,0,226.25210555915,-87.3589023917544,12.5634574103981,1
-0.677272737238099,0.58593485775496,-0.444951662387824,0,-0.389093837789409,-0.798531517278692,-0.459296637595898,0,-0.624425836099309,-0.137941140999573,0.768807268976701,0,226.252575224278,-87.2537364867088,12.7275211302781,1
-0.718316934892857,0.517838007169818,-0.46461228930854,0,-0.330231432331843,-0.841576255541374,-0.427430236657421,0,-0.612346292669589,-0.153600795698952,0.775524863182644,0,232.361196128754,-83.2361787293512,21.5005481193357,1
-0.718111471112903,0.514246633271977,-0.468899045877146,0,-0.326350727538341,-0.843936705375774,-0.425753496702822,0,-0.614663418214601,-0.152712925084686,0.773865391926026,0,232.26853463972,-83.1933644933684,21.6818799332943,1
-0.717346030706833,0.51499812101211,-0.469245785898124,0,-0.324906071166764,-0.843065490932825,-0.428575107673291,0,-0.616320304020668,-0.154975847641469,0.77209569970288,0,232.312828194819,-83.1905358303967,21.6257351329407,1
-0.716916325747805,0.515261265873425,-0.469613468468253,0,-0.323675964742836,-0.842613406521747,-0.430391120955825,0,-0.617466478218908,-0.156551828607438,0.770860994755608,0,232.355946656604,-83.2248293114185,21.530543068335,1
-0.716696581309364,0.514600017495333,-0.470672744413009,0,-0.321810526434533,-0.842796403469011,-0.431430420086054,0,-0.618695397926475,-0.157737263490601,0.76963300363946,0,232.317553265349,-83.2063793800626,21.6265777004489,1
-0.716791442296627,0.514168006696575,-0.471000306942567,0,-0.320549494563784,-0.842847878942109,-0.432267827275743,0,-0.619239896797053,-0.158866969041582,0.768962441451022,0,232.351448793244,-83.211071923091,21.5346957214181,1
-0.716410874933875,0.514640268544768,-0.471063533155188,0,-0.319006200960363,-0.842105124609368,-0.434849402501002,0,-0.620476028566226,-0.161258652787413,0.767466706037384,0,232.321004308949,-83.1835208509731,21.6512693522343,1
-0.715808081350925,0.513956131260947,-0.472723900191209,0,-0.318284582178839,-0.84269198972423,-0.434240872329933,0,-0.6215414028204,-0.160372396608331,0.766790048830937,0,232.367461558286,-83.1666043276646,21.5128488766118,1
-0.715866954385124,0.514422672327074,-0.472126908590517,0,-0.315816444587888,-0.841602534777054,-0.438138273590315,0,-0.622731464555334,-0.164543269849327,0.764938582763388,0,232.406737567254,-83.1830607157357,21.5237890261308,1
-0.716047738561898,0.51414450264978,-0.472155765076952,0,-0.314624079960377,-0.841500143022178,-0.439191527243799,0,-0.623127053183761,-0.165930526693144,0.764316515523417,0,232.388081720884,-83.151629206754,21.6089010535015,1
-0.739818669537007,0.44111933459205,-0.508017783993394,0,-0.278605142708131,-0.888151616108709,-0.365466662310081,0,-0.612411226759499,-0.128842692662627,0.779969262142022,0,240.093236045788,-79.4780765066287,25.4018482052766,1
-0.738691435185578,0.43948274693527,-0.51106739157346,0,-0.275860990631412,-0.888919007534674,-0.365682528829893,0,-0.615008680777212,-0.129142995124778,0.777873003374506,0,240.195735953975,-79.2801004911365,25.2961426507516,1
-0.736122115577545,0.438401377781377,-0.515682521438366,0,-0.276256054380546,-0.890141559526505,-0.362395635213527,0,-0.617905189633275,-0.124307022983875,0.776363922823023,0,240.152442117331,-79.2065522670371,25.2995928341509,1
-0.735349521480708,0.438454431131274,-0.516738611949451,0,-0.276727916307531,-0.890307031362848,-0.361628331636179,0,-0.618613564023767,-0.122927221262113,0.77601943060634,0,240.010383345867,-79.2749250409794,25.5637421429728,1
-0.734755787511542,0.44028529784149,-0.516025957896427,0,-0.276639893261682,-0.88908548062481,-0.364688055190072,0,-0.619357975789817,-0.125203293274509,0.775061180281117,0,240.081931912409,-79.304450046437,25.4200362994873,1
-0.735193029994783,0.439168074527195,-0.516355120980868,0,-0.275955183609431,-0.889673191264663,-0.363772386780575,0,-0.619144526977487,-0.124952051047699,0.775272235832548,0,240.093251083749,-79.2359187895335,25.4418471592908,1
-0.735155974066094,0.439404887973793,-0.51620639110696,0,-0.274700121384967,-0.889255893222641,-0.365737337005519,0,-0.619746349005799,-0.127072029941854,0.774446358439653,0,240.156135757649,-79.1818778480181,25.3925506232895,1
-0.735205876785418,0.440164779065328,-0.515487425657073,0,-0.275011178240934,-0.888773126068081,-0.366675854429636,0,-0.619549167203635,-0.127817438753645,0.774481459925117,0,240.22331052399,-79.1831569020362,25.2567241483221,1
-0.734795611579633,0.440850557275009,-0.515486367767013,0,-0.275251888094939,-0.888394837439694,-0.36741122861267,0,-0.619928872777745,-0.128083562414599,0.77413357615834,0,240.159565536716,-79.2316768489454,25.3592844082111,1
-0.734809661711775,0.440928536645569,-0.515399637782784,0,-0.275082809479628,-0.888302170922657,-0.367761744969334,0,-0.619987265178747,-0.128457303045377,0.774024878353717,0,240.140512920595,-79.2171453697746,25.3627860117765,1
-0.773950182670468,0.386650093941471,-0.501500567895392,0,-0.223232611605647,-0.907699228370746,-0.355315791839985,0,-0.592594562799957,-0.163045440507255,0.788826893855504,0,247.769272339185,-70.6718212757504,28.1823049470177,1
-0.773540463711997,0.387393559051053,-0.501558951077524,0,-0.225357649191031,-0.907833110006468,-0.353628299669408,0,-0.592325147998395,-0.160515652762408,0.789547746667,0,247.691009111467,-70.7238929490559,28.224338611396,1
-0.772780412808906,0.387573903860422,-0.502590193522803,0,-0.225169245106616,-0.907799949585151,-0.353833382528151,0,-0.593387937724566,-0.160267652942159,0.788799743143593,0,247.660719524219,-70.7052415748402,28.2780792406579,1
-0.772548128921526,0.38738569045756,-0.503092153912748,0,-0.226226613659678,-0.908259459074974,-0.351974820509806,0,-0.593288216444523,-0.158104654673905,0.789311098616079,0,247.689334455855,-70.7291023719869,28.2242080775393,1
-0.773318423273133,0.388760158609055,-0.500843443906994,0,-0.22626460383938,-0.907156098352776,-0.354784642101062,0,-0.592269318195502,-0.161038356609949,0.789483186916987,0,247.731448166523,-70.7516653613346,28.1185647390105,1
-0.772924114847791,0.387939702960085,-0.502086745049099,0,-0.224758970121361,-0.907403038655722,-0.355110026313461,0,-0.593356316252505,-0.161624603033086,0.788546618569666,0,247.827406292057,-70.6498848191659,28.1565525478552,1
-0.773097037637212,0.388957003142513,-0.501032354347464,0,-0.226037294774854,-0.906997418232795,-0.355334806471178,0,-0.592645013281503,-0.161456288280883,0.789115805954442,0,247.723259402956,-70.7987112991955,28.2114858896759,1
-0.772522099745312,0.389861820158599,-0.501215888203595,0,-0.225816212326628,-0.90640558315219,-0.356981732139045,0,-0.59347842728742,-0.162593603850712,0.788255463876584,0,247.767439116597,-70.7718049478378,28.2097253288166,1
-0.772847251661853,0.389364674660582,-0.501101063384603,0,-0.22618134205478,-0.90679569413465,-0.355757740049541,0,-0.592915783315825,-0.161606680633312,0.78888158469422,0,247.737024171432,-70.7745153187404,28.2125820000579,1
-0.773068523219238,0.389509147538032,-0.500647263441858,0,-0.225949658810315,-0.906586667175106,-0.356437044348419,0,-0.59271562328922,-0.162429181136057,0.788863074953025,0,247.771836450795,-70.7725820427626,28.1276740517555,1
0.24092283781648,0.956704943374747,0.163315147921971,0,-0.966727130124616,0.221643996899285,0.127720767769117,0,0.0859932677567089,-0.188652034075519,0.978271725002666,0,189.78566741134,-51.6620526078235,-13.0806637478022,1
0.249149895206086,0.953632381930086,0.168847889691131,0,-0.964776546196267,0.229198083620292,0.129129603013359,0,0.0844425581587778,-0.19507311090752,0.977146834294859,0,189.779048630294,-51.6269769247377,-13.0373785261497,1
0.250416950248657,0.953347837214858,0.168580106495148,0,-0.964415936111917,0.230388899596384,0.12970295723746,0,0.0848130485334458,-0.195061160205001,0.977117132475908,0,189.73555426284,-51.609810840706,-13.052555455469,1
0.252029575778769,0.952868321614183,0.168887698181198,0,-0.964128949427729,0.2322210756598,0.128564150892809,0,0.083285423743638,-0.195231487428578,0.977214513046274,0,189.733510283152,-51.603888017406,-13.0308120643292,1
0.25366809628067,0.952461876007584,0.168727210850693,0,-0.963617051353538,0.233641080944411,0.12982304739853,0,0.0842298953463338,-0.195520382689992,0.977075792701213,0,189.741895281059,-51.613512413437,-12.9951420748671,1
0.253920309676813,0.952610366542936,0.167505121977107,0,-0.963556718166194,0.234066250303839,0.129504599707867,0,0.0841601283888384,-0.194284533670682,0.977328293239247,0,189.736084266705,-51.6133812323876,-13.008488423513,1
0.255860522037094,0.951970547889228,0.168188790394571,0,-0.963093444349619,0.23597209141931,0.129492044242042,0,0.0835847516817023,-0.195113423481523,0.977212536382761,0,189.769031560121,-51.5930135430864,-13.1238922793291,1
0.25594301048512,0.951779858222847,0.169139814547351,0,-0.9631736391263,0.236163707831071,0.128542771075158,0,0.0823997346841232,-0.195810634503795,0.977173720041225,0,189.755775140848,-51.5982717604037,-13.0661345098172,1
0.253574275008518,0.95236610859167,0.16940744452315,0,-0.963549199601346,0.233242926350588,0.131036930882176,0,0.0852820438398995,-0.19646000232458,0.976796007611167,0,189.84027969292,-51.6262486409811,-13.0251706891274,1
0.25241189730615,0.95275180954101,0.16897403207191,0,-0.963862779857137,0.232194585345962,0.130591792016531,0,0.0851867108437811,-0.195830702272003,0.976930683489505,0,189.866009496106,-51.6252200921372,-13.1521273942067,1
0.214682505069758,0.965031545671231,0.150417877515832,0,-0.970668602125598,0.193748400294125,0.142351755278972,0,0.108230711281549,-0.176566342327359,0.9783202133722,0,188.942777286748,-54.1612246312801,-23.8728226275161,1
0.219732609288332,0.96419197076249,0.148497218601855,0,-0.969231666239311,0.198453311442606,0.14562369428233,0,0.110939432008239,-0.175926480936242,0.978132054341887,0,188.785577480004,-54.1454930339082,-23.7918710325716,1
0.221264417764289,0.963523668640708,0.150546329747958,0,-0.968855268322606,0.199586911084051,0.146576034765097,0,0.111182401822238,-0.178289665693439,0.97767646419046,0,188.800520371018,-54.1354823743932,-23.7395578792514,1
0.221528047518018,0.963526409267551,0.150140543514522,0,-0.968830742753554,0.19996198442571,0.14622652522757,0,0.110870717768273,-0.177854050919605,0.977791194741001,0,188.812334032539,-54.1336302970511,-23.7883619361189,1
0.220310805889333,0.964003867599901,0.148861318215398,0,-0.96883013740892,0.19853451548723,0.148162785504535,0,0.113275388574062,-0.176863194058809,0.977695298613383,0,188.888307661994,-54.1833046386436,-23.6058829666931,1
0.220678186250438,0.96400380941763,0.148316531585372,0,-0.968615107317184,0.19877142906353,0.149247086621352,0,0.114393671110496,-0.176597209537239,0.97761317175738,0,188.84793146664,-54.1723730048029,-23.6781451473871,1
0.221762224691038,0.963893218355478,0.147415668463025,0,-0.968191669437016,0.199695216103606,0.15075381221746,0,0.115872373466863,-0.176158122928388,0.977518239621902,0,188.788603672607,-54.1599362217038,-23.6413391987994,1
0.222115106509888,0.963925135450247,0.146673831024232,0,-0.968209123201855,0.200303335537789,0.149832131137255,0,0.115047699711018,-0.175290921098783,0.977771506933774,0,188.840183818515,-54.1838285021832,-23.5131959582834,1
0.222766666007416,0.963941464165525,0.14557426344778,0,-0.968062980020705,0.20111265219086,0.149692243760956,0,0.115017734412445,-0.174271497357375,0.977957241386067,0,188.838862595846,-54.2046202672171,-23.432706651975,1
0.222564453697112,0.964087717402525,0.144913550450244,0,-0.967995421677583,0.200847153243692,0.150483502900295,0,0.115973822743514,-0.173767931988312,0.977933933479538,0,188.800141569296,-54.1801608463574,-23.5527906850336,1
0.195349035014968,0.968552425715206,0.154093975092836,0,-0.978800555766798,0.18268182641636,0.0926111350097282,0,0.0615485706521942,-0.168918764316975,0.983706371084532,0,198.685234077263,-71.7725716032139,0.527891512194401,1
0.189756775108209,0.970340724925437,0.149770637481817,0,-0.979334886810052,0.176188643416803,0.0993012658916784,0,0.0699681768897538,-0.165518698285492,0.983721512797499,0,198.676053440329,-71.7804538938601,0.747349695430785,1
0.189369009663419,0.970407914428729,0.149826091830425,0,-0.979184063580949,0.175279074768381,0.102351431731266,0,0.0730612606529332,-0.166089510693551,0.983400389785046,0,198.671556126122,-71.766919139249,0.679060947011976,1
0.188945538449395,0.970566656418755,0.149331674296468,0,-0.979209018569163,0.174787951883742,0.102950812668491,0,0.0738192485256008,-0.165679018962585,0.983413026770904,0,198.630717928681,-71.7539892380804,0.540674468544239,1
0.188964258186372,0.970459089392683,0.150005549708003,0,-0.97916093562994,0.17463491317672,0.103665371441289,0,0.074406795821184,-0.16646862441579,0.983235386782198,0,198.632545130611,-71.7599873351764,0.681465917975174,1
0.187563252624972,0.970676128022521,0.150359172490229,0,-0.979635705716566,0.173692655039723,0.100721128222712,0,0.0716513108738787,-0.166188796470933,0.983487353033885,0,198.676270927703,-71.751520539234,0.608010189219613,1
0.186911811765143,0.970680072633646,0.151142883440181,0,-0.979874148359076,0.173240988167775,0.0991676025535969,0,0.0700758731679262,-0.166636600453181,0.983525096471442,0,198.68750772165,-71.7654790774066,0.610798719013246,1
0.186529104674548,0.970690808762829,0.15154618732478,0,-0.979916596943783,0.172752210428142,0.099599883666134,0,0.0705007527862502,-0.167080901289037,0.983419349149189,0,198.637145739867,-71.7413559366505,0.656109444526919,1
0.186783672417116,0.970657367886775,0.151446802163313,0,-0.979918023951817,0.173130721186361,0.0989263347944122,0,0.0698034816663275,-0.166883275221361,0.983502641785293,0,198.628608483087,-71.7504273425888,0.669321796606027,1
0.186342780542989,0.970839613694539,0.15082046486119,0,-0.979907847218478,0.172540110808028,0.100052591780534,0,0.0711124398340827,-0.166434235191536,0.983484959852998,0,198.652451645278,-71.7506730601845,0.598264727001151,1
0.1215697918965,0.991120842293655,0.0538540775555381,0,-0.992463291363291,0.12053387575809,0.0220952504189885,0,0.0154078225128112,-0.0561343100594405,0.998304331473907,0,190.481208143169,-54.120717296455,-21.3825985699293,1
0.121103562709353,0.991098375394641,0.0552986201383486,0,-0.992472737982437,0.119872872509039,0.0250670859510396,0,0.0182151437201831,-0.0579180863507699,0.998155150170913,0,190.478919291017,-54.1295558027576,-21.2254164371277,1
0.119107669920844,0.99142437677654,0.0537686535006794,0,-0.992699531564247,0.117874800854986,0.0255572172883176,0,0.0190000788985796,-0.0564201777438368,0.998226307279668,0,190.530191044239,-54.1496340392238,-21.2226353721919,1
0.11771885162104,0.991662372264654,0.0524214784936765,0,-0.992837676053697,0.116446219557297,0.0267137971675486,0,0.0203867844771753,-0.0551907364079617,0.998267680351031,0,190.559783091418,-54.1463874500334,-21.3056896617518,1
0.116400483667245,0.991783571481249,0.0530685852640716,0,-0.99301726922397,0.115181048161503,0.0254956695810677,0,0.0191736909592532,-0.0556657298911643,0.998265343528805,0,190.574914774983,-54.1526465877485,-21.2463476063692,1
0.115704414836739,0.99190031318362,0.0524047430441719,0,-0.99308993058079,0.114478687843917,0.0258267266330347,0,0.0196183120153203,-0.0550308889240644,0.998291902750842,0,190.596257699734,-54.1486940801799,-21.2513114638368,1
0.11661822941489,0.991747421453785,0.0532657545511527,0,-0.993011404763422,0.115452209293996,0.0244772829151796,0,0.0181256331726818,-0.0557479991470795,0.998280332378229,0,190.584737229902,-54.1534695358025,-21.3927899111679,1
0.116502518357369,0.991720381538259,0.0540171089378207,0,-0.993006901338953,0.115263174470837,0.0255283078976448,0,0.0190907597963683,-0.0566134741251119,0.998213633165708,0,190.626189473526,-54.1615296153471,-21.1288790879923,1
0.115503730206121,0.991962912810451,0.0516572155373889,0,-0.993092229370579,0.114240973666507,0.0267735671792694,0,0.0206570150855824,-0.0543928262212319,0.998305919136725,0,190.579666478116,-54.1727789339649,-21.209599136032,1
0.115674879768215,0.991947561955795,0.0515689491900233,0,-0.993108656691574,0.114513979486146,0.0249348051226369,0,0.0188286535595741,-0.0540979004417048,0.998358101571241,0,190.586527563714,-54.1725539660692,-21.3003577974196,1
0.128117859878794,0.989694281975786,0.0639612554951168,0,-0.991503811367601,0.129281042254214,-0.0143737314983023,0,-0.0224945776488218,-0.0615762968852302,0.997848863124223,0,194.734670750563,-63.7167288871717,-19.4703624888132,1
0.126306158276942,0.989753910289819,0.0665879226837205,0,-0.991732267282702,0.127522296136181,-0.0143238967626745,0,-0.0226685776270113,-0.0642281951651224,0.997677740823258,0,194.777799233085,-63.7172088902227,-19.5611072160566,1
0.12529474403925,0.989785482097657,0.0680141642957478,0,-0.991866521327731,0.126516325627006,-0.0139435726794708,0,-0.0224060479640033,-0.065713916171169,0.997586913625115,0,194.800188392436,-63.7323832444002,-19.3323982338347,1
0.122256102524801,0.990271382504812,0.0664532496380295,0,-0.992303348333077,0.123285759516699,-0.0116054464521522,0,-0.0196852808567356,-0.0645229454721301,0.997722045073272,0,194.760748264624,-63.7043675370489,-19.5388862851248,1
0.122041062077441,0.990294414928431,0.0665052699307917,0,-0.992341013312893,0.123034512136786,-0.0110373058489607,0,-0.019112625778543,-0.0646489024254885,0.997725025721531,0,194.771020142231,-63.7182979128895,-19.4973260998622,1
0.122951103563096,0.98997511810389,0.0695146867057961,0,-0.992260032966601,0.123858949242902,-0.00888750074904763,0,-0.0174084206560162,-0.0678839172973429,0.997541337821461,0,194.736260745472,-63.7193847721431,-19.3260689674119,1
0.121838135234692,0.99010284577173,0.0696550328207085,0,-0.992409598586033,0.122700827154948,-0.00822773661457717,0,-0.0166930355789591,-0.0681238710747742,0.997537207703526,0,194.786224305892,-63.7228289933156,-19.4888862937203,1
0.119675167000963,0.990386063930289,0.0693779415661818,0,-0.992700995231959,0.120419245004166,-0.00662868750995754,0,-0.0149193990753535,-0.0680782623551421,0.997568424583464,0,194.835944896824,-63.7645801688184,-19.5103575476719,1
0.119679825745887,0.99030443620305,0.0705256190755661,0,-0.992682318322466,0.120512329370934,-0.00765462994042725,0,-0.0160796206226213,-0.0690934302676406,0.997480598154412,0,194.823621792924,-63.7758155686653,-19.5577856570278,1
0.118583880428521,0.990326259241124,0.0720538934409233,0,-0.992784150495336,0.119554397171093,-0.00929390350232337,0,-0.0178183564833636,-0.0704318562479948,0.997357438332764,0,194.819425460848,-63.8201196769726,-19.4646213717072,1
0.148942493750661,0.984878991977611,0.0884844885643726,0,-0.988429678341387,0.145686678899808,0.04221566729409,0,0.0286863125771741,-0.093748401332015,0.99518256250721,0,198.082459991862,-71.7560713701603,-14.9863806478841,1
0.149628655233479,0.984813964600298,0.0880495352700005,0,-0.988243365361459,0.146130393537244,0.0449550765065365,0,0.0314056738835353,-0.093740936697329,0.995101160905276,0,198.113217016662,-71.7341626456525,-14.9448364661266,1
0.150480307742317,0.984685644309721,0.0880332827521915,0,-0.988040324874544,0.146765172901922,0.0472895384294869,0,0.0336451096532995,-0.0940965775861093,0.994994392287212,0,198.101898869756,-71.7211455048379,-14.97587093878,1
0.150563453209928,0.9846177113616,0.0886487959903954,0,-0.98805284062462,0.146889902194249,0.0466362602165256,0,0.0328972748281924,-0.0946114110792594,0.994970577556176,0,198.111928183876,-71.7178823738054,-14.9547161348926,1
0.147010957561765,0.98519854465908,0.088156712497714,0,-0.988561188892334,0.143306007420354,0.0470123819117022,0,0.0336831437450144,-0.0940596397976786,0.994996597978397,0,198.226106495197,-71.7444094768174,-15.099320956492,1
0.145832441532941,0.985223221116424,0.0898226228158588,0,-0.988721451294357,0.142014341280079,0.0475585809414625,0,0.0340997176956307,-0.0957451379640969,0.994821631152698,0,198.205803521742,-71.7288067955417,-14.9405475796073,1
0.145537170661789,0.985138602973338,0.0912187748629757,0,-0.988808754252742,0.141780359756666,0.0464281929479375,0,0.0328051744226728,-0.0969549509773027,0.994747987186748,0,198.188630828821,-71.7136181564057,-15.0077221019847,1
0.145896323557452,0.985105432962757,0.0910030148933416,0,-0.988673719988112,0.141913486904718,0.048834799471396,0,0.0351928711145629,-0.0970971069692759,0.994652508990407,0,198.140125891352,-71.7054615975664,-15.0088515070188,1
0.145459670347399,0.985211008852605,0.0905580053780876,0,-0.988713215005067,0.141433923455673,0.0494229073434438,0,0.0358840184033203,-0.0967249364516026,0.994664075902846,0,198.179884657323,-71.6918740902483,-15.0301646331382,1
0.145380290816324,0.985136306846589,0.0914933220231101,0,-0.988751930881908,0.141382382463325,0.0487918139270764,0,0.0351310435293544,-0.0975575669113246,0.994609637455259,0,198.152345213671,-71.6836203008372,-14.9521423011531,1
0.121196792680914,0.992453568106461,0.0186347148251271,0,-0.992591534779143,0.121008910291254,0.0109036101778363,0,0.00856636029165851,-0.0198181427706411,0.99976690217694,0,188.414412095763,-56.719927412513,-30.6074899481596,1
0.116871672803234,0.992973082911257,0.0185867885846028,0,-0.993138115492057,0.116770885182167,0.00642214377441563,0,0.00420662014686288,-0.0192098148738603,0.999806624982777,0,188.310256623053,-56.7203760076519,-30.8128619985366,1
0.114988539314592,0.993165202812495,0.0200128895643133,0,-0.993347093843294,0.114835959867577,0.00861704557110692,0,0.00625995042943123,-0.0208706071715462,0.999762587206039,0,188.329609117066,-56.7164635242916,-30.6836577670711,1
0.115298402590535,0.993129478890923,0.0200029127357659,0,-0.993318736497192,0.115173954250069,0.00726966202962861,0,0.00491590110690103,-0.0207074484243437,0.999773492095115,0,188.300337409185,-56.7261185057762,-30.8867093671061,1
0.11398344292391,0.993260449260981,0.0210108227608065,0,-0.993469253362494,0.113846587072673,0.00760244929431686,0,0.00515920173865031,-0.0217401597459309,0.999750342881482,0,188.277752113545,-56.7098851373352,-30.7988378982477,1
0.112886821611923,0.993378964188642,0.0213260172995024,0,-0.993596000682,0.11275463657058,0.00730611802339888,0,0.00485313662422063,-0.0220142099412438,0.999745878523922,0,188.347877049885,-56.717167489518,-30.7557095122604,1
0.11308683753522,0.993315975042633,0.0231244654292003,0,-0.993584968819819,0.113043863481654,0.00316143392468693,0,0.000526223908368498,-0.0233336378270663,0.999727595114866,0,188.415508806174,-56.7282260640151,-30.8697722970262,1
0.112775449124841,0.993372276427257,0.0222085231481122,0,-0.993620339008041,0.112734533031258,0.00308981743301136,0,0.000565671490758785,-0.0224152958480168,0.99974858565932,0,188.39220028836,-56.7251974482452,-31.0342169683138,1
0.114422248912549,0.993196018409961,0.0216614396657936,0,-0.99343214393877,0.114387298208059,0.0028498066390951,0,0.000352623048520462,-0.0218452517326007,0.999761301828454,0,188.407444677872,-56.7457567537343,-30.9696621309186,1
0.115439961471693,0.993056354879582,0.0226426881948866,0,-0.993312648340467,0.115453284217754,0.000722364300056053,0,-0.00189682425690935,-0.0225746582833773,0.999743360498647,0,188.408507396432,-56.7382427630068,-30.9587358210001,1
0.136455842753498,0.990346602288563,0.0243600146537777,0,-0.990626954317938,0.136565032900661,-0.00286865257692606,0,-0.00616768653535889,-0.0237402427186605,0.999699134999356,0,190.754343109878,-62.6248173601705,-29.8326805044953,1
0.137587598659378,0.990169781767245,0.0251685512128551,0,-0.990457053256656,0.137744651971229,-0.00460830852554504,0,-0.0080298411744899,-0.0242943229651122,0.999672600165864,0,190.85079042904,-62.6300947477494,-29.8731715532256,1
0.139746148064331,0.989811528757443,0.027279142949077,0,-0.99015134603225,0.139922999109954,-0.00467613842815622,0,-0.00844547522083873,-0.0263570077764844,0.999616917668646,0,190.874170011658,-62.6427519028705,-29.9443072685981,1
0.141390803201871,0.989556426740865,0.0280485127195915,0,-0.989892755778394,0.14164010850876,-0.00710012106119808,0,-0.010998764811859,-0.0267611277318086,0.999581346972389,0,190.874774894362,-62.6437109498851,-30.0933703170133,1
0.142512665177615,0.989308244384127,0.0309731796490108,0,-0.989687055051682,0.142885420890874,-0.0101631471487395,0,-0.0144801010736145,-0.029205377765657,0.99946854506906,0,190.888235608496,-62.6321049652329,-30.2220917241762,1
0.143155203975663,0.989176898722117,0.0321815258989009,0,-0.989596728380295,0.143534835498452,-0.00980133549319434,0,-0.0143144246724809,-0.0304436205620759,0.999433981418167,0,190.897171548247,-62.6462659383769,-29.9933888381725,1
0.143678825121586,0.989062188019574,0.0333524128304544,0,-0.989493533440245,0.144126229232141,-0.0114095279158566,0,-0.0160916901417746,-0.0313626892542218,0.999378526500907,0,190.865426462217,-62.6518623687664,-29.983807618006,1
0.143128035895745,0.989142623332846,0.0333352073166167,0,-0.98956328949092,0.143594773128659,-0.0120431400406816,0,-0.0166991446648311,-0.0312635864280529,0.999371665963729,0,190.867073492248,-62.6422664566186,-30.0577208352072,1
0.141640465528252,0.989393511016999,0.0322251281207154,0,-0.989816202220846,0.142018039095446,-0.00973459771055816,0,-0.0142078973124908,-0.0305181409810728,0.999433228747682,0,190.861383151754,-62.6478433593525,-30.081357003188,1
0.141576363231958,0.9893930505746,0.0325196071424488,0,-0.989841899287352,0.141919329107838,-0.00848047408993716,0,-0.0130056829586686,-0.0309886350178237,0.999435118809876,0,190.865484980683,-62.6470031165317,-30.0114405692971,1
0.190342193388699,0.981140692285444,0.0336569659598046,0,-0.98161662310218,0.190702903007646,-0.00782355634797153,0,-0.0140944906063473,-0.0315490843939553,0.99940282199344,0,191.859555283911,-67.8604018124045,-29.1057608922742,1
0.19421527444276,0.98034066514459,0.0348225133640049,0,-0.980771898570517,0.194749027832652,-0.0126213760193252,0,-0.0191548987861548,-0.0317016785375738,0.999313811287722,0,191.890337282439,-67.8687414486979,-28.8503965325865,1
0.195468935140117,0.980067866819238,0.0354805837547328,0,-0.980529345037765,0.195999187901724,-0.0121046215007505,0,-0.0188175161751015,-0.0324236760755598,0.999297056092305,0,191.875721864049,-67.8476903777432,-28.9242360090832,1
0.195719349091806,0.980056212504173,0.0344057658402806,0,-0.980486443222548,0.196224192480658,-0.0119331865865947,0,-0.0184464372678513,-0.0313988314637653,0.999336701184757,0,191.845188334772,-67.8456164250846,-29.0168033150924,1
0.195883483503216,0.980036453675652,0.0340324897340253,0,-0.980471237815373,0.196353244107346,-0.0110252140710257,0,-0.0174875014635087,-0.0312082199968575,0.999359912292459,0,191.874951812273,-67.8414558691126,-28.975338382169,1
0.195742584487683,0.980094239543415,0.0331680905675307,0,-0.980515794206291,0.196173265657423,-0.0102385132371874,0,-0.01654140048751,-0.0305177236227703,0.999397343710096,0,191.895670544445,-67.86728910386,-28.887503362912,1
0.195419154176853,0.980207052064883,0.0317094506902132,0,-0.980598308406156,0.195801727761464,-0.00941493263972989,0,-0.0154373485996899,-0.0292543755342233,0.999452785168121,0,191.890535144677,-67.8498517082869,-28.9168353799832,1
0.196686083615932,0.979994502300276,0.0304197299965441,0,-0.980366330035397,0.197014823617082,-0.00818646493053505,0,-0.0140158283649468,-0.0282123153315334,0.999503687746513,0,191.811010576591,-67.8267970589031,-29.108891078741,1
0.197227305024078,0.979904643510926,0.0298040228604389,0,-0.980284947999462,0.197492079006943,-0.00618865536346085,0,-0.0119503505652227,-0.0279958631808619,0.99953660301468,0,191.839313561051,-67.8306790455757,-28.8952371250321,1
0.196885343873841,0.980004502349832,0.0287634619220004,0,-0.980376966236276,0.197085611626348,-0.0042738464202544,0,-0.0098572532195897,-0.0273575778154276,0.999577109329259,0,191.81015429026,-67.8155322149342,-28.8714716017369,1
0.200437790789035,0.978921605220894,0.0392069235640709,0,-0.979703990798649,0.200187394879876,0.0102516995863831,0,0.00218687832579872,-0.0404660074995853,0.999178522487464,0,192.397689306294,-72.3012906178046,-28.9967320116371,1
0.198880191134182,0.979366453538007,0.0358889852018435,0,-0.980021815630122,0.198672493600438,0.00929952555904513,0,0.00197748918350867,-0.0370214798592734,0.999312513463911,0,192.493301674309,-72.3116003834724,-29.1602046472931,1
0.198538966833437,0.979410948102932,0.0365578088078068,0,-0.980092386627748,0.198359123573956,0.00851890657870872,0,0.00109193545415255,-0.0375213649950116,0.999295229071907,0,192.50523448928,-72.3211134475545,-28.9316911394865,1
0.198631813118149,0.97939589250285,0.0364566669615229,0,-0.98007137002873,0.198404663274413,0.00978259888651728,0,0.00234786443484955,-0.0376732708894975,0.999287352163072,0,192.535223436136,-72.3337477186181,-28.7768499411629,1
0.198703813153499,0.979373352697252,0.0366692059472541,0,-0.980057605666844,0.198489040019476,0.0094440757472521,0,0.00197084064096621,-0.0378145080450598,0.999282832219426,0,192.509936915974,-72.3239311483182,-28.9798216066235,1
0.198752966228416,0.979360728310937,0.0367399272954776,0,-0.98004933014112,0.198584349780848,0.0082198851610563,0,0.000754258144996245,-0.037640667693183,0.999291054313137,0,192.547711906739,-72.3337862007552,-28.8867070066651,1
0.197218247814324,0.979669892050323,0.0367677214300323,0,-0.980358813724037,0.197031570843956,0.00866928165202462,0,0.00124863231048059,-0.0377553003017035,0.999286234377559,0,192.529564756143,-72.3254329650559,-28.9417856009802,1
0.196337132830299,0.979862523138875,0.0363478475276836,0,-0.980533104308126,0.196104679426223,0.00988868358318316,0,0.00256156745909018,-0.0375817835534262,0.999290272101703,0,192.560452082571,-72.328133032699,-28.7485569764979,1
0.196916918890741,0.979754678494538,0.0361178213994485,0,-0.980413825399646,0.19664935442141,0.0108518372119355,0,0.00352959201734558,-0.0375473217914127,0.999288617270548,0,192.493683997366,-72.3084173244523,-28.7980959650674,1
0.197576672659035,0.979595200057812,0.0368334419336382,0,-0.980278447843241,0.197274434473895,0.0117030849373634,0,0.00419798940332465,-0.0384192858692014,0.999252888591407,0,192.511622992494,-72.3112291241786,-28.6975594245446,1
